,date,open,high,low,close,volume,120,180,240
0,2018-11-13,4.05,4.28,4.01,4.26,5955460.0,,,
1,2018-11-14,4.25,4.33,4.18,4.22,4742200.0,,,
2,2018-11-15,4.23,4.36,4.18,4.36,4522100.0,,,
3,2018-11-16,4.35,4.39,4.28,4.38,3983900.0,,,
4,2018-11-19,4.39,4.39,4.24,4.34,3376021.0,,,
5,2018-11-20,4.22,4.32,4.2,4.24,3404171.0,,,
6,2018-11-21,4.13,4.32,4.13,4.29,3094000.0,,,
7,2018-11-22,4.3,4.33,4.25,4.26,2035400.0,,,
8,2018-11-23,4.24,4.26,3.95,4.05,4582302.0,,,
9,2018-11-26,4.04,4.08,3.94,3.94,2030900.0,,,
10,2018-11-27,3.99,4.09,3.95,4.08,3118250.0,,,
11,2018-11-28,4.05,4.25,4.0,4.21,3518000.0,,,
12,2018-11-29,4.22,4.26,4.09,4.09,2957321.0,,,
13,2018-11-30,4.13,4.16,3.96,4.12,3236100.0,,,
14,2018-12-03,4.21,4.31,4.15,4.28,4127601.0,,,
15,2018-12-04,4.28,4.32,4.23,4.31,3157521.0,,,
16,2018-12-05,4.21,4.27,4.18,4.25,3300139.0,,,
17,2018-12-06,4.23,4.23,4.11,4.12,3363500.0,,,
18,2018-12-07,4.13,4.21,4.11,4.18,2450601.0,,,
19,2018-12-10,4.16,4.18,3.98,3.99,4685600.0,,,
20,2018-12-11,4.0,4.11,3.95,4.04,3403239.0,,,
21,2018-12-12,4.04,4.09,3.99,4.04,3632300.0,,,
22,2018-12-13,4.06,4.14,4.0,4.08,3251100.0,,,
23,2018-12-14,4.08,4.09,3.79,3.81,5126839.0,,,
24,2018-12-17,3.81,3.86,3.78,3.84,2537609.0,,,
25,2018-12-18,3.84,3.86,3.76,3.82,1761500.0,,,
26,2018-12-19,3.81,3.83,3.74,3.76,2161442.0,,,
27,2018-12-20,3.76,3.81,3.74,3.78,1950258.0,,,
28,2018-12-21,3.78,3.83,3.75,3.78,2324950.0,,,
29,2018-12-24,3.75,3.78,3.72,3.76,1839300.0,,,
30,2018-12-25,3.71,3.71,3.48,3.56,5634642.0,,,
31,2018-12-26,3.57,3.57,3.52,3.54,2369122.0,,,
32,2018-12-27,3.59,3.59,3.46,3.46,3301500.0,,,
33,2018-12-28,3.46,3.49,3.38,3.39,2729653.0,,,
34,2019-01-02,3.41,3.44,3.38,3.39,1664240.0,,,
35,2019-01-03,3.39,3.47,3.38,3.43,2293237.0,,,
36,2019-01-04,3.41,3.53,3.37,3.52,3051769.0,,,
37,2019-01-07,3.54,3.6,3.51,3.57,3242199.0,,,
38,2019-01-08,3.58,3.67,3.56,3.65,4206493.0,,,
39,2019-01-09,3.71,3.72,3.64,3.71,4140320.0,,,
40,2019-01-10,3.82,3.91,3.65,3.67,10717775.0,,,
41,2019-01-11,3.64,3.64,3.57,3.62,5203394.0,,,
42,2019-01-14,3.62,3.64,3.56,3.59,3499750.0,,,
43,2019-01-15,3.56,3.62,3.56,3.61,2959400.0,,,
44,2019-01-16,3.62,3.66,3.6,3.62,2882546.0,,,
45,2019-01-17,3.62,3.62,3.52,3.54,3000080.0,,,
46,2019-01-18,3.53,3.58,3.5,3.56,2782926.0,,,
47,2019-01-21,3.55,3.66,3.54,3.62,4577455.0,,,
48,2019-01-22,3.64,3.64,3.52,3.55,2683410.0,,,
49,2019-01-23,3.53,3.58,3.51,3.56,3365330.0,,,
50,2019-01-24,3.56,3.58,3.51,3.55,2490109.0,,,
51,2019-01-25,3.56,3.56,3.51,3.51,2649720.0,,,
52,2019-01-28,3.16,3.25,3.16,3.16,12683727.0,,,
53,2019-01-29,3.12,3.15,2.94,3.05,5081210.0,,,
54,2019-01-30,2.99,3.09,2.94,3.05,2763542.0,,,
55,2019-01-31,3.04,3.1,2.94,2.95,3788806.0,,,
56,2019-02-01,2.99,3.15,2.98,3.11,3439160.0,,,
57,2019-02-11,3.14,3.42,3.1,3.42,11573401.0,,,
58,2019-02-12,3.52,3.53,3.32,3.38,18733941.0,,,
59,2019-02-13,3.3,3.45,3.27,3.4,14460050.0,,,
60,2019-02-14,3.35,3.39,3.34,3.36,6161851.0,,,
61,2019-02-15,3.35,3.41,3.34,3.34,6905392.0,,,
62,2019-02-18,3.35,3.57,3.35,3.52,10176141.0,,,
63,2019-02-19,3.54,3.57,3.48,3.57,8289144.0,,,
64,2019-02-20,3.54,3.57,3.48,3.54,5812168.0,,,
65,2019-02-21,3.56,3.64,3.51,3.52,7800138.0,,,
66,2019-02-22,3.51,3.59,3.46,3.58,7133531.0,,,
67,2019-02-25,3.64,3.79,3.58,3.75,11366439.0,,,
68,2019-02-26,3.78,3.85,3.69,3.73,10928638.0,,,
69,2019-02-27,3.72,3.79,3.66,3.71,7484254.0,,,
70,2019-02-28,3.75,3.81,3.71,3.76,7681776.0,,,
71,2019-03-01,3.78,3.81,3.67,3.74,6392731.0,,,
72,2019-03-04,3.75,3.86,3.75,3.79,9983268.0,,,
73,2019-03-05,3.77,4.0,3.76,3.98,12040644.0,,,
74,2019-03-06,4.02,4.22,3.92,4.19,12081941.0,,,
75,2019-03-07,4.16,4.27,4.12,4.21,9870257.0,,,
76,2019-03-08,4.15,4.5,4.07,4.08,14896767.0,,,
77,2019-03-11,4.09,4.23,4.06,4.22,7880410.0,,,
78,2019-03-12,4.28,4.41,4.16,4.34,12986597.0,,,
79,2019-03-13,4.28,4.31,4.03,4.08,10597195.0,,,
80,2019-03-14,4.05,4.49,4.02,4.49,14766532.0,,,
81,2019-03-15,4.65,4.79,4.38,4.44,31571075.0,,,
82,2019-03-18,4.36,4.38,4.16,4.32,15780356.0,,,
83,2019-03-19,4.26,4.29,4.19,4.24,10093690.0,,,
84,2019-03-20,4.22,4.28,4.14,4.21,7921655.0,,,
85,2019-03-21,4.24,4.28,4.18,4.25,9654087.0,,,
86,2019-03-22,4.25,4.25,4.09,4.19,8249057.0,,,
87,2019-03-25,4.14,4.32,4.1,4.26,9597132.0,,,
88,2019-03-26,4.25,4.28,4.12,4.12,6090466.0,,,
89,2019-03-27,4.12,4.14,3.93,3.98,7166918.0,,,
90,2019-03-28,3.93,4.01,3.85,3.85,4857400.0,,,
91,2019-03-29,3.85,4.01,3.83,4.0,4971269.0,,,
92,2019-04-01,4.03,4.18,4.01,4.18,6329937.0,,,
93,2019-04-02,4.21,4.21,4.14,4.15,4995246.0,,,
94,2019-04-03,4.15,4.28,4.12,4.25,6969292.0,,,
95,2019-04-04,4.26,4.32,4.17,4.22,6406928.0,,,
96,2019-04-08,4.24,4.27,4.08,4.13,6262683.0,,,
97,2019-04-09,4.13,4.19,4.09,4.15,4331983.0,,,
98,2019-04-10,4.15,4.32,4.1,4.32,10842672.0,,,
99,2019-04-11,4.35,4.51,4.22,4.5,19203562.0,,,
100,2019-04-12,4.54,4.54,4.31,4.38,12837057.0,,,
101,2019-04-15,4.41,4.41,4.21,4.22,8824338.0,,,
102,2019-04-16,4.17,4.28,4.08,4.28,5888208.0,,,
103,2019-04-17,4.28,4.49,4.21,4.48,13016675.0,,,
104,2019-04-18,4.46,4.92,4.41,4.92,10851745.0,,,
105,2019-04-19,5.11,5.26,4.81,4.95,40654312.0,,,
106,2019-04-22,4.75,4.93,4.71,4.73,18392337.0,,,
107,2019-04-23,4.65,4.69,4.39,4.42,14563615.0,,,
108,2019-04-24,4.41,4.64,4.35,4.64,12255560.0,,,
109,2019-04-25,4.63,4.69,4.31,4.31,10044245.0,,,
110,2019-04-26,4.24,4.38,4.13,4.28,8298146.0,,,
111,2019-04-29,4.23,4.47,4.06,4.22,10214144.0,,,
112,2019-04-30,4.22,4.44,4.2,4.34,5938917.0,,,
113,2019-05-06,4.15,4.15,3.9,3.9,7603595.0,,,
114,2019-05-07,3.9,4.0,3.84,3.94,5778088.0,,,
115,2019-05-08,3.85,4.23,3.77,4.06,7591026.0,,,
116,2019-05-09,4.03,4.16,3.95,4.11,4285200.0,,,
117,2019-05-10,4.17,4.52,4.14,4.38,18110930.0,,,
118,2019-05-13,4.19,4.25,4.14,4.21,12496800.0,,,
119,2019-05-14,4.21,4.21,4.0,4.0,7700020.0,3.945416666666667,,
120,2019-05-15,4.09,4.1,4.01,4.07,4994011.0,3.9438333333333335,,
121,2019-05-16,4.15,4.24,4.12,4.14,7209564.0,3.943166666666667,,
122,2019-05-17,4.11,4.18,3.73,3.76,10905608.0,3.9381666666666666,,
123,2019-05-20,3.82,3.82,3.71,3.79,3896141.0,3.93325,,
124,2019-05-21,3.76,3.88,3.72,3.81,3163200.0,3.928833333333334,,
125,2019-05-22,3.81,3.88,3.75,3.76,3376500.0,3.9248333333333334,,
126,2019-05-23,3.76,3.76,3.65,3.66,3147042.0,3.9195833333333336,,
127,2019-05-24,3.62,3.71,3.62,3.68,2296501.0,3.91475,,
128,2019-05-27,3.66,3.88,3.66,3.81,2776168.0,3.9127500000000004,,
129,2019-05-28,3.81,3.82,3.72,3.75,2653900.0,3.911166666666667,,
130,2019-05-29,3.71,3.78,3.71,3.72,2217200.0,3.9081666666666672,,
131,2019-05-30,3.74,3.74,3.65,3.69,2152488.0,3.903833333333334,,
132,2019-05-31,3.69,3.73,3.67,3.68,1434723.0,3.9004166666666675,,
133,2019-06-03,3.66,3.73,3.65,3.69,1783007.0,3.8968333333333343,,
134,2019-06-04,3.69,3.69,3.65,3.66,1572700.0,3.891666666666668,,
135,2019-06-05,3.74,3.74,3.68,3.7,1361185.0,3.8865833333333346,,
136,2019-06-06,3.72,3.72,3.56,3.57,1951489.0,3.880916666666668,,
137,2019-06-10,3.59,3.66,3.59,3.63,1310800.0,3.8768333333333347,,
138,2019-06-11,3.6,3.76,3.59,3.75,2947000.0,3.873250000000001,,
139,2019-06-12,3.77,3.8,3.7,3.71,1934300.0,3.8709166666666674,,
140,2019-06-13,3.71,3.79,3.71,3.78,1921701.0,3.8687500000000004,,
141,2019-06-14,3.79,3.79,3.68,3.68,2071300.0,3.8657500000000002,,
142,2019-06-17,3.65,3.78,3.65,3.75,2111168.0,3.8630000000000004,,
143,2019-06-18,3.71,4.0,3.69,3.88,5362258.0,3.8635833333333336,,
144,2019-06-19,3.89,3.94,3.81,3.84,4889430.0,3.8635833333333336,,
145,2019-06-20,3.77,3.82,3.72,3.81,4075000.0,3.8635000000000006,,
146,2019-06-21,3.91,3.96,3.85,3.94,6600220.0,3.8650000000000007,,
147,2019-06-24,3.91,4.04,3.87,4.04,6070780.0,3.8671666666666678,,
148,2019-06-25,4.03,4.16,3.95,4.1,6101000.0,3.8698333333333346,,
149,2019-06-26,4.11,4.13,4.03,4.08,4317881.0,3.8725000000000014,,
150,2019-06-27,4.09,4.23,4.03,4.1,6006230.0,3.8770000000000016,,
151,2019-06-28,4.12,4.12,3.96,4.03,3847111.0,3.8810833333333346,,
152,2019-07-01,4.09,4.16,4.03,4.08,6295706.0,3.8862500000000013,,
153,2019-07-02,4.07,4.08,4.0,4.03,3313600.0,3.8915833333333345,,
154,2019-07-03,4.04,4.04,3.89,3.94,3545008.0,3.8961666666666677,,
155,2019-07-04,3.99,4.03,3.89,3.9,2708150.0,3.9000833333333342,,
156,2019-07-05,3.88,4.0,3.87,3.99,3299028.0,3.9040000000000012,,
157,2019-07-08,3.99,3.99,3.76,3.78,4025528.0,3.9057500000000007,,
158,2019-07-09,3.72,3.79,3.71,3.75,1646200.0,3.9065833333333346,,
159,2019-07-10,3.75,3.79,3.72,3.72,1597300.0,3.906666666666668,,
160,2019-07-11,3.75,3.77,3.7,3.74,1510818.0,3.9072500000000017,,
161,2019-07-12,3.75,3.86,3.72,3.77,2482700.0,3.9085000000000014,,
162,2019-07-15,3.81,3.81,3.71,3.76,3336281.0,3.909916666666668,,
163,2019-07-16,3.75,3.76,3.67,3.7,2196425.0,3.910666666666668,,
164,2019-07-17,3.68,3.77,3.68,3.74,1988461.0,3.911666666666668,,
165,2019-07-18,3.74,3.74,3.66,3.68,1478737.0,3.9128333333333343,,
166,2019-07-19,3.66,3.75,3.66,3.74,2118225.0,3.9143333333333343,,
167,2019-07-22,3.73,3.74,3.53,3.55,3302400.0,3.913750000000001,,
168,2019-07-23,3.56,3.61,3.54,3.56,1817564.0,3.9138333333333346,,
169,2019-07-24,3.56,3.6,3.56,3.59,2002806.0,3.9140833333333345,,
170,2019-07-25,3.59,3.6,3.55,3.58,1739600.0,3.914333333333334,,
171,2019-07-26,3.58,3.62,3.58,3.61,1268006.0,3.9151666666666673,,
172,2019-07-29,3.59,3.62,3.56,3.59,1025300.0,3.9187500000000006,,
173,2019-07-30,3.59,3.64,3.59,3.62,1330100.0,3.9235,,
174,2019-07-31,3.65,3.65,3.58,3.6,1028900.0,3.928083333333334,,
175,2019-08-01,3.61,3.66,3.6,3.66,2026400.0,3.9340000000000006,,
176,2019-08-02,3.61,3.62,3.54,3.6,1958100.0,3.938083333333334,,
177,2019-08-05,3.6,3.61,3.55,3.59,1185100.0,3.9395000000000007,,
178,2019-08-06,3.52,3.53,3.28,3.43,2980100.0,3.9399166666666674,,
179,2019-08-07,3.43,3.64,3.39,3.56,3746900.0,3.941250000000001,3.8853888888888903,
180,2019-08-08,3.59,3.61,3.51,3.55,1725600.0,3.942833333333334,3.8814444444444454,
181,2019-08-09,3.56,3.57,3.35,3.41,3529500.0,3.943416666666668,3.876944444444445,
182,2019-08-12,3.38,3.75,3.37,3.55,10589258.0,3.943666666666668,3.872444444444445,
183,2019-08-13,3.41,3.49,3.41,3.42,6189612.0,3.9424166666666682,3.8671111111111114,
184,2019-08-14,3.44,3.46,3.41,3.41,3605675.0,3.941333333333335,3.861944444444444,
185,2019-08-15,3.3,3.62,3.28,3.5,5034800.0,3.9411666666666685,3.8578333333333332,
186,2019-08-16,3.48,3.58,3.45,3.46,3497100.0,3.9401666666666686,3.8532222222222225,
187,2019-08-19,3.46,3.55,3.46,3.55,3491400.0,3.938500000000002,3.849277777777778,
188,2019-08-20,3.53,3.62,3.53,3.56,2832200.0,3.937083333333335,3.8465555555555557,
189,2019-08-21,3.58,3.58,3.54,3.55,2029503.0,3.935750000000002,3.844388888888888,
190,2019-08-22,3.56,3.64,3.55,3.64,3054418.0,3.934750000000002,3.8419444444444437,
191,2019-08-23,3.65,3.65,3.56,3.58,2433200.0,3.9334166666666683,3.8384444444444434,
192,2019-08-26,3.52,3.7,3.47,3.64,4165048.0,3.932166666666668,3.8359444444444435,
193,2019-08-27,3.65,3.68,3.61,3.66,4103568.0,3.9295000000000018,3.8333888888888876,
194,2019-08-28,3.72,3.85,3.66,3.67,6073871.0,3.9251666666666685,3.8299999999999987,
195,2019-08-29,3.68,3.8,3.62,3.76,6107274.0,3.9214166666666683,3.826944444444443,
196,2019-08-30,3.75,3.82,3.62,3.69,5454895.0,3.918166666666669,3.8238333333333325,
197,2019-09-02,3.71,3.85,3.66,3.81,5099257.0,3.914750000000002,3.82211111111111,
198,2019-09-03,3.82,3.9,3.77,3.84,5404500.0,3.910583333333335,3.8202222222222213,
199,2019-09-04,3.87,3.87,3.73,3.77,5289111.0,3.9080000000000017,3.818999999999999,
200,2019-09-05,3.77,3.85,3.74,3.76,8525700.0,3.901916666666668,3.8174444444444435,
201,2019-09-06,3.76,3.79,3.7,3.73,4177900.0,3.8960000000000017,3.815722222222222,
202,2019-09-09,3.76,3.82,3.73,3.81,4630911.0,3.891750000000002,3.814222222222221,
203,2019-09-10,3.81,3.82,3.76,3.81,4068486.0,3.8881666666666685,3.814222222222221,
204,2019-09-11,4.03,4.19,3.9,3.93,16651026.0,3.8858333333333355,3.814722222222221,
205,2019-09-12,3.87,3.92,3.78,3.82,9587500.0,3.8822500000000018,3.814722222222221,
206,2019-09-16,3.87,3.92,3.84,3.87,6078574.0,3.8795833333333354,3.815333333333332,
207,2019-09-17,3.84,3.85,3.72,3.75,4300939.0,3.8753333333333355,3.8151666666666655,
208,2019-09-18,3.76,3.79,3.74,3.75,2040200.0,3.872250000000002,3.814999999999999,
209,2019-09-19,3.74,3.78,3.73,3.76,2728310.0,3.8704166666666686,3.814999999999999,
210,2019-09-20,3.77,3.8,3.74,3.75,2364144.0,3.869583333333335,3.816055555555555,
211,2019-09-23,3.76,3.76,3.69,3.72,2027400.0,3.8672500000000016,3.817055555555555,
212,2019-09-24,3.71,3.75,3.71,3.72,2536511.0,3.8634166666666685,3.8185,
213,2019-09-25,3.69,3.73,3.61,3.63,2642100.0,3.8590833333333356,3.819833333333333,
214,2019-09-26,3.66,3.66,3.52,3.53,2420500.0,3.8530833333333354,3.8206111111111105,
215,2019-09-27,3.57,3.58,3.54,3.56,1560200.0,3.847583333333335,3.821333333333333,
216,2019-09-30,3.59,3.67,3.56,3.56,1446900.0,3.8428333333333353,3.821555555555555,
217,2019-10-08,3.64,3.69,3.59,3.65,1945200.0,3.8386666666666684,3.8219999999999987,
218,2019-10-09,3.69,3.69,3.62,3.66,804800.0,3.833166666666669,3.8220555555555547,
219,2019-10-10,3.68,3.76,3.65,3.72,1796300.0,3.826666666666669,3.82211111111111,
220,2019-10-11,3.69,3.75,3.68,3.7,1931100.0,3.8210000000000024,3.822277777777777,
221,2019-10-14,3.71,3.79,3.7,3.77,2779600.0,3.817250000000002,3.8231111111111105,
222,2019-10-15,3.79,3.81,3.74,3.77,2173454.0,3.813000000000002,3.82411111111111,
223,2019-10-16,3.78,4.09,3.78,3.85,7353865.0,3.8077500000000017,3.8254444444444435,
224,2019-10-17,3.84,3.88,3.77,3.79,4030039.0,3.798333333333335,3.8263888888888875,
225,2019-10-18,3.79,3.8,3.74,3.78,3067400.0,3.788583333333335,3.827722222222221,
226,2019-10-21,3.82,3.82,3.69,3.82,2716500.0,3.7810000000000015,3.829166666666666,
227,2019-10-22,3.77,3.86,3.77,3.84,2150477.0,3.776166666666668,3.8303888888888884,
228,2019-10-23,3.87,4.03,3.83,3.96,6633208.0,3.770500000000001,3.8326666666666664,
229,2019-10-24,3.94,3.96,3.88,3.92,4060400.0,3.7672500000000015,3.8346666666666667,
230,2019-10-25,3.94,4.08,3.92,4.08,8330525.0,3.7655833333333346,3.8376111111111118,
231,2019-10-28,4.1,4.16,3.99,4.06,5697450.0,3.7642500000000014,3.840666666666667,
232,2019-10-29,4.04,4.06,3.98,4.01,4864970.0,3.761500000000001,3.8453888888888894,
233,2019-10-30,4.0,4.11,3.91,3.94,4502000.0,3.761833333333335,3.8503333333333343,
234,2019-10-31,3.92,3.96,3.82,3.87,4768300.0,3.7612500000000018,3.85488888888889,
235,2019-11-01,3.87,3.92,3.83,3.88,3419700.0,3.7597500000000017,3.8600555555555567,
236,2019-11-04,3.89,4.05,3.87,4.02,5116042.0,3.7590000000000012,3.865111111111112,
237,2019-11-05,4.02,4.14,3.99,4.12,7881199.0,3.7568333333333346,3.869000000000001,
238,2019-11-06,4.12,4.19,4.04,4.09,7511045.0,3.7558333333333347,3.8729444444444456,
239,2019-11-07,4.09,4.16,4.04,4.09,4773677.0,3.7565833333333343,3.876777777777779,3.850999999999999
240,2019-11-08,4.09,4.26,4.09,4.22,10267300.0,3.757833333333335,3.881555555555557,3.8508333333333327
241,2019-11-11,4.17,4.35,4.05,4.09,9016400.0,3.757416666666668,3.8857222222222236,3.850291666666666
242,2019-11-12,4.09,4.16,4.0,4.05,7202138.0,3.7598333333333347,3.8886666666666683,3.848999999999999
243,2019-11-13,4.06,4.24,4.01,4.24,8253510.0,3.763583333333335,3.89238888888889,3.8484166666666657
244,2019-11-14,4.19,4.61,4.18,4.37,16765707.0,3.7682500000000014,3.8970000000000016,3.8485416666666654
245,2019-11-15,4.38,4.42,4.21,4.25,11743161.0,3.772333333333335,3.901055555555557,3.848583333333332
246,2019-11-18,4.19,4.26,4.12,4.22,7151186.0,3.7770000000000015,3.904611111111113,3.848291666666666
247,2019-11-19,4.23,4.44,4.19,4.37,10651722.0,3.7827500000000014,3.908055555555557,3.8487499999999994
248,2019-11-20,4.35,4.53,4.31,4.37,8663222.0,3.787416666666668,3.9116111111111125,3.8500833333333326
249,2019-11-21,4.34,4.51,4.31,4.48,10371675.0,3.7935000000000016,3.9158888888888903,3.8523333333333327
250,2019-11-22,4.5,4.59,4.39,4.54,9670872.0,3.800333333333335,3.9202222222222236,3.854249999999999
251,2019-11-25,4.5,4.54,4.34,4.38,8469800.0,3.806083333333335,3.923777777777779,3.854958333333332
252,2019-11-26,4.38,4.81,4.38,4.69,18161607.0,3.8145000000000016,3.9287777777777793,3.8574583333333323
253,2019-11-27,4.62,5.0,4.6,4.94,22022374.0,3.824916666666668,3.934111111111113,3.860874999999999
254,2019-11-28,4.88,5.19,4.72,4.74,27398931.0,3.833916666666668,3.937166666666668,3.862791666666666
255,2019-11-29,4.71,4.94,4.65,4.94,18303200.0,3.8442500000000015,3.941222222222224,3.8654166666666665
256,2019-12-02,4.91,5.15,4.86,5.12,19925322.0,3.8571666666666684,3.9470000000000014,3.8690416666666665
257,2019-12-03,5.09,5.59,5.0,5.5,30714736.0,3.8727500000000017,3.9541111111111125,3.8747916666666664
258,2019-12-04,5.42,5.68,5.36,5.46,26184653.0,3.8870000000000013,3.9603333333333346,3.880125
259,2019-12-05,5.42,5.62,5.38,5.58,19595547.0,3.9025833333333346,3.968666666666668,3.88675
260,2019-12-06,5.35,5.35,5.02,5.02,28641095.0,3.912916666666668,3.971611111111112,3.8908333333333336
261,2019-12-09,4.82,5.16,4.82,5.15,21436213.0,3.925166666666668,3.975555555555556,3.8954583333333335
262,2019-12-10,5.06,5.22,4.95,5.08,15577217.0,3.936250000000001,3.9797777777777785,3.8996250000000003
263,2019-12-11,5.06,5.06,4.86,5.02,14124243.0,3.945750000000001,3.984111111111112,3.904666666666667
264,2019-12-12,4.99,5.02,4.9,4.92,9053433.0,3.9547500000000015,3.9880555555555555,3.9091666666666667
265,2019-12-13,4.99,5.19,4.88,5.13,18698953.0,3.965750000000001,3.9929444444444444,3.914625
266,2019-12-16,5.24,5.35,5.13,5.24,16154061.0,3.976583333333335,3.9987777777777778,3.9207916666666667
267,2019-12-17,5.18,5.32,5.15,5.17,14677800.0,3.9860000000000015,4.003833333333333,3.9265833333333333
268,2019-12-18,5.16,5.65,5.02,5.5,24795650.0,3.997666666666668,4.0115,3.9337500000000003
269,2019-12-19,5.44,6.05,5.4,6.05,26225698.0,4.014083333333335,4.023,3.9432916666666666
270,2019-12-20,6.27,6.66,6.21,6.66,22997138.0,4.035416666666668,4.03861111111111,3.9562083333333335
271,2019-12-23,7.06,7.32,6.21,6.31,54487873.0,4.054416666666668,4.051444444444443,3.96775
272,2019-12-24,5.88,6.09,5.7,6.02,33257737.0,4.070583333333335,4.061666666666666,3.9784166666666665
273,2019-12-25,5.94,6.62,5.76,6.62,37448717.0,4.092166666666668,4.075388888888888,3.991875
274,2019-12-26,6.62,7.28,6.48,6.73,54096293.0,4.115416666666669,4.0891666666666655,4.005791666666666
275,2019-12-27,6.69,7.01,6.27,6.63,41933943.0,4.1381666666666685,4.102555555555554,4.019125
276,2019-12-30,6.48,6.85,6.25,6.62,29468633.0,4.160083333333335,4.1163888888888875,4.032041666666667
277,2019-12-31,6.51,7.29,6.49,7.29,32299260.0,4.189333333333336,4.133833333333333,4.047541666666667
278,2020-01-02,7.65,8.02,7.64,8.02,23436602.0,4.224916666666669,4.154388888888888,4.0657499999999995
279,2020-01-03,8.76,8.76,7.38,7.41,47840613.0,4.255666666666669,4.170555555555554,4.081166666666666
280,2020-01-06,7.21,7.84,7.18,7.71,31368262.0,4.288750000000003,4.189055555555554,4.098
281,2020-01-07,7.55,7.93,7.32,7.61,26238161.0,4.320750000000003,4.2078888888888875,4.114625
282,2020-01-08,7.52,7.59,6.95,6.97,30585439.0,4.347500000000003,4.222833333333332,4.128708333333333
283,2020-01-09,7.08,7.16,6.79,7.06,25937916.0,4.375500000000002,4.237166666666665,4.143083333333333
284,2020-01-10,7.12,7.17,6.83,6.87,18210435.0,4.401583333333336,4.247999999999998,4.156625
285,2020-01-13,6.94,7.38,6.87,7.27,24184341.0,4.431500000000002,4.260888888888887,4.172166666666667
286,2020-01-14,7.42,7.54,7.12,7.12,27789540.0,4.459666666666669,4.274166666666665,4.187
287,2020-01-15,7.08,7.08,6.88,6.99,17359848.0,4.488333333333336,4.288444444444443,4.201041666666667
288,2020-01-16,7.06,7.2,6.94,7.04,13852448.0,4.517333333333337,4.301777777777776,4.215583333333333
289,2020-01-17,7.03,7.15,6.43,6.62,26857087.0,4.5425833333333365,4.31461111111111,4.2283333333333335
290,2020-01-20,6.62,6.74,6.45,6.64,12768433.0,4.568083333333336,4.327722222222221,4.241208333333334
291,2020-01-21,6.58,6.76,6.52,6.52,10458820.0,4.592333333333335,4.340499999999999,4.25375
292,2020-01-22,6.52,6.75,6.41,6.71,12145622.0,4.618333333333336,4.3536666666666655,4.268541666666667
293,2020-01-23,6.61,6.73,6.05,6.06,20683235.0,4.638666666666668,4.365666666666665,4.281083333333333
294,2020-02-03,5.45,5.45,5.45,5.45,1545700.0,4.654083333333335,4.374055555555554,4.291083333333334
295,2020-02-04,4.91,5.78,4.91,5.66,21969105.0,4.670750000000002,4.382944444444443,4.3023750000000005
296,2020-02-05,5.58,6.14,5.58,5.92,22330329.0,4.690083333333335,4.392999999999998,4.314083333333334
297,2020-02-06,5.81,6.01,5.81,5.98,16408506.0,4.710000000000002,4.401888888888887,4.324750000000001
298,2020-02-07,5.96,6.05,5.82,6.05,14737677.0,4.731833333333335,4.412111111111109,4.335875000000001
299,2020-02-10,5.94,6.23,5.91,6.23,16896308.0,4.754083333333336,4.424499999999998,4.347666666666667
300,2020-02-11,6.24,6.25,6.0,6.01,13381824.0,4.774583333333336,4.435277777777776,4.358708333333334
301,2020-02-12,5.95,6.32,5.94,6.22,15628399.0,4.798000000000003,4.446833333333331,4.370708333333335
302,2020-02-13,6.23,6.28,6.0,6.04,12328000.0,4.818750000000003,4.459499999999998,4.381208333333334
303,2020-02-14,6.03,6.11,5.92,5.99,10613074.0,4.84016666666667,4.47172222222222,4.391291666666668
304,2020-02-17,6.01,6.27,6.0,6.27,16324074.0,4.864000000000003,4.485388888888887,4.402666666666668
305,2020-02-18,6.29,6.51,6.24,6.43,20404010.0,4.88841666666667,4.50022222222222,4.414791666666669
306,2020-02-19,7.07,7.07,7.07,7.07,4379790.0,4.918500000000003,4.519166666666665,4.429333333333335
307,2020-02-20,7.06,7.76,6.83,7.52,49449193.0,4.951583333333336,4.540499999999999,4.445041666666668
308,2020-02-21,7.25,7.48,7.15,7.25,33370980.0,4.9823333333333375,4.55961111111111,4.459708333333335
309,2020-02-24,7.12,7.36,6.84,7.31,25763605.0,5.01366666666667,4.579388888888888,4.474708333333335
310,2020-02-25,6.99,7.16,6.7,7.09,22008715.0,5.0424166666666705,4.59811111111111,4.4885833333333345
311,2020-02-26,6.93,7.26,6.89,6.91,17001190.0,5.07016666666667,4.615999999999998,4.5017916666666675
312,2020-02-27,6.94,7.03,6.7,6.72,13945640.0,5.095833333333337,4.632888888888887,4.514000000000001
313,2020-02-28,6.46,6.52,6.05,6.05,18429234.0,5.115750000000004,4.645999999999998,4.5226250000000014
314,2020-03-02,6.17,6.28,6.04,6.21,10637030.0,5.136916666666671,4.660166666666665,4.531041666666668
315,2020-03-03,6.35,6.62,6.26,6.4,13790200.0,5.158916666666671,4.675166666666665,4.540166666666668
316,2020-03-04,6.34,6.44,6.26,6.39,8463174.0,5.18141666666667,4.690833333333331,4.5497916666666685
317,2020-03-05,6.47,6.52,6.34,6.44,9073174.0,5.203333333333338,4.706444444444442,4.559041666666669
318,2020-03-06,6.39,6.72,6.3,6.67,16246190.0,5.22691666666667,4.722666666666664,4.568750000000003
319,2020-03-09,6.56,6.85,6.52,6.71,17582200.0,5.251416666666671,4.739333333333331,4.579708333333337
320,2020-03-10,6.48,6.68,6.04,6.61,15837280.0,5.275166666666672,4.755055555555553,4.58854166666667
321,2020-03-11,6.63,6.88,6.48,6.79,19066723.0,5.300666666666671,4.772333333333331,4.598333333333335
322,2020-03-12,6.65,6.76,6.48,6.56,10967723.0,5.323583333333337,4.787944444444443,4.6076666666666695
323,2020-03-13,6.1,6.38,6.06,6.19,12335148.0,5.343416666666672,4.800777777777776,4.615791666666669
324,2020-03-16,6.26,6.31,5.74,5.75,10321223.0,5.358583333333339,4.811388888888887,4.622208333333336
325,2020-03-17,5.7,5.88,5.38,5.65,8332244.0,5.373833333333338,4.8216111111111095,4.62804166666667
326,2020-03-18,5.75,5.79,5.4,5.41,7905700.0,5.386666666666671,4.8297777777777755,4.633125000000003
327,2020-03-19,5.45,5.49,5.28,5.44,5987443.0,5.400750000000005,4.837555555555554,4.63804166666667
328,2020-03-20,5.52,5.55,5.35,5.41,5093167.0,5.414583333333338,4.844833333333331,4.6434166666666705
329,2020-03-23,5.24,5.32,5.04,5.09,7430500.0,5.425666666666672,4.850444444444443,4.64804166666667
330,2020-03-24,5.2,5.26,5.0,5.25,6478600.0,5.438166666666672,4.856833333333331,4.653875000000004
331,2020-03-25,5.39,5.49,5.34,5.4,5988707.0,5.452166666666671,4.864444444444442,4.659708333333338
332,2020-03-26,5.41,5.43,5.28,5.31,4794800.0,5.465416666666671,4.871277777777775,4.66441666666667
333,2020-03-27,5.39,5.41,5.15,5.16,4526248.0,5.47816666666667,4.877555555555553,4.668625000000004
334,2020-03-30,5.06,5.11,4.92,4.99,5224555.0,5.4903333333333375,4.883388888888886,4.671708333333338
335,2020-03-31,5.06,5.09,4.98,4.98,3744000.0,5.502166666666671,4.889388888888886,4.674875000000004
336,2020-04-01,5.03,5.22,5.03,5.06,5315500.0,5.514666666666671,4.89533333333333,4.6787500000000035
337,2020-04-02,5.02,5.22,4.99,5.22,4440774.0,5.5277500000000055,4.903333333333331,4.6832083333333365
338,2020-04-03,5.19,5.27,5.08,5.12,3978149.0,5.539916666666672,4.910944444444441,4.6865416666666695
339,2020-04-07,5.26,5.42,5.22,5.39,6419600.0,5.553833333333339,4.920222222222219,4.690250000000003
340,2020-04-08,5.36,5.45,5.32,5.42,3979775.0,5.568166666666671,4.929555555555552,4.694583333333337
341,2020-04-09,5.44,5.52,5.41,5.41,4372300.0,5.581833333333337,4.938666666666663,4.69954166666667
342,2020-04-10,5.81,5.95,5.61,5.95,11322888.0,5.600000000000005,4.95083333333333,4.706500000000004
343,2020-04-13,6.0,6.11,5.72,5.9,20502890.0,5.617083333333338,4.963055555555552,4.7124166666666705
344,2020-04-14,5.87,6.01,5.77,5.96,13809273.0,5.635166666666672,4.975388888888886,4.716750000000004
345,2020-04-15,5.97,6.16,5.95,5.96,14583918.0,5.653333333333339,4.988055555555553,4.720958333333337
346,2020-04-16,5.87,5.98,5.76,5.88,9688740.0,5.670500000000005,4.999944444444441,4.725750000000004
347,2020-04-17,5.94,5.98,5.81,5.84,9051622.0,5.687166666666672,5.012666666666664,4.73166666666667
348,2020-04-20,5.84,5.88,5.73,5.85,6390800.0,5.702916666666671,5.0253888888888865,4.736708333333336
349,2020-04-21,5.82,5.83,5.71,5.77,5204107.0,5.718333333333338,5.037499999999998,4.74279166666667
350,2020-04-22,5.78,6.26,5.74,6.24,17881884.0,5.736333333333338,5.052277777777775,4.750958333333336
351,2020-04-23,6.22,6.32,6.09,6.11,10317500.0,5.753416666666672,5.066166666666664,4.758833333333336
352,2020-04-24,6.17,6.46,6.06,6.38,16783945.0,5.773166666666672,5.0816666666666634,4.767333333333337
353,2020-04-27,6.76,6.76,6.19,6.23,18969845.0,5.7922500000000054,5.096166666666663,4.77704166666667
354,2020-04-28,6.35,6.52,5.92,6.36,16754135.0,5.813000000000005,5.111499999999997,4.787125000000002
355,2020-04-29,6.39,6.61,6.32,6.46,12532245.0,5.834500000000006,5.127055555555553,4.797125000000003
356,2020-04-30,6.54,6.62,6.42,6.51,12783664.0,5.855250000000006,5.14322222222222,4.807125000000003
357,2020-05-06,6.44,6.59,6.38,6.56,11036190.0,5.8755833333333385,5.159722222222219,4.816208333333336
358,2020-05-07,6.55,6.56,6.36,6.38,9044900.0,5.894666666666671,5.176111111111108,4.825250000000002
359,2020-05-08,6.42,6.51,6.38,6.44,6706411.0,5.914250000000005,5.1921111111111085,4.83541666666667
360,2020-05-11,6.49,6.88,6.46,6.82,18562504.0,5.935916666666672,5.210277777777776,4.8468750000000025
361,2020-05-12,6.75,6.97,6.68,6.84,12742014.0,5.958833333333339,5.229333333333332,4.858125000000002
362,2020-05-13,6.72,6.73,6.53,6.62,11245800.0,5.980250000000006,5.246388888888887,4.870041666666668
363,2020-05-14,6.56,6.62,6.41,6.41,8061601.0,5.998333333333338,5.262999999999999,4.880958333333336
364,2020-05-15,6.43,6.55,6.37,6.45,6084832.0,6.0156666666666725,5.279888888888888,4.891958333333336
365,2020-05-18,6.42,6.44,6.24,6.24,6563900.0,6.032250000000006,5.295111111111111,4.902291666666669
366,2020-05-19,6.29,6.39,6.24,6.3,5644200.0,6.049583333333339,5.310888888888888,4.913291666666669
367,2020-05-20,6.27,6.46,6.18,6.46,8086755.0,6.0670000000000055,5.327055555555555,4.924875000000002
368,2020-05-21,6.46,6.49,6.16,6.17,6984834.0,6.082000000000005,5.341555555555555,4.934708333333336
369,2020-05-22,6.19,6.4,6.15,6.24,7487474.0,6.096666666666672,5.3565,4.9450833333333355
370,2020-05-25,6.86,6.86,6.86,6.86,2415000.0,6.116000000000005,5.374388888888888,4.958166666666669
371,2020-05-26,7.55,7.55,7.55,7.55,1827900.0,6.142416666666672,5.396444444444444,4.974250000000001
372,2020-05-27,8.3,8.3,8.3,8.3,12573671.0,6.172500000000004,5.422333333333333,4.993500000000001
373,2020-05-28,8.7,9.13,8.54,9.13,59939980.0,6.207416666666671,5.452722222222222,5.016166666666668
374,2020-05-29,9.3,9.3,8.22,8.24,102580395.0,6.236583333333337,5.478111111111111,5.035250000000001
375,2020-06-01,8.2,9.06,8.2,9.06,108760975.0,6.270916666666669,5.507555555555555,5.057583333333334
376,2020-06-02,8.6,9.15,8.54,8.61,87247109.0,6.3000000000000025,5.534888888888888,5.0785833333333334
377,2020-06-03,8.62,9.47,8.42,9.16,96716069.0,6.3305000000000025,5.564611111111111,5.101625
378,2020-06-04,8.95,10.08,8.87,10.08,88552453.0,6.369000000000002,5.599277777777777,5.128
379,2020-06-05,10.43,11.05,9.4,9.48,106245700.0,6.401500000000002,5.630999999999999,5.152041666666666
380,2020-06-08,9.21,9.87,9.03,9.55,60618650.0,6.439250000000002,5.663166666666666,5.176083333333334
381,2020-06-09,9.48,9.48,9.07,9.08,43669498.0,6.472000000000003,5.692888888888888,5.198583333333333
382,2020-06-10,9.1,9.1,8.55,8.71,42358622.0,6.502250000000003,5.720111111111111,5.21925
383,2020-06-11,8.83,9.04,8.62,8.7,34081660.0,6.53291666666667,5.747277777777778,5.239333333333333
384,2020-06-12,8.33,8.76,8.3,8.58,27520780.0,6.5634166666666705,5.773111111111111,5.259083333333333
385,2020-06-15,8.53,8.88,8.4,8.42,30799044.0,6.590833333333337,5.798666666666667,5.278291666666666
386,2020-06-16,8.59,8.88,8.51,8.84,36792367.0,6.620833333333337,5.8262777777777774,5.298708333333333
387,2020-06-17,8.84,8.84,8.47,8.72,35374076.0,6.650416666666671,5.853888888888889,5.318208333333333
388,2020-06-18,8.64,8.68,8.5,8.57,20587123.0,6.676000000000005,5.8806666666666665,5.336833333333333
389,2020-06-19,8.5,8.68,8.45,8.5,21256100.0,6.696416666666672,5.907,5.35525
390,2020-06-22,8.51,8.62,8.23,8.24,27270125.0,6.709583333333339,5.9319444444444445,5.3725000000000005
391,2020-06-23,8.22,8.45,8.12,8.36,19986390.0,6.726666666666673,5.9577222222222215,5.390541666666667
392,2020-06-24,8.3,8.39,8.21,8.35,18060880.0,6.74608333333334,5.9834444444444435,5.408333333333333
393,2020-06-29,8.26,8.54,8.26,8.48,19924277.0,6.7615833333333395,6.010388888888887,5.426875
394,2020-06-30,8.2,8.31,8.12,8.2,28230910.0,6.77383333333334,6.0363333333333316,5.444625
395,2020-07-01,8.22,8.26,8.08,8.18,19321140.0,6.786750000000007,6.061999999999999,5.462458333333333
396,2020-07-02,8.15,8.2,8.06,8.18,16161124.0,6.799750000000006,6.087666666666666,5.479916666666667
397,2020-07-03,8.22,8.65,8.2,8.58,35612630.0,6.810500000000006,6.115055555555554,5.499916666666667
398,2020-07-06,8.71,8.93,8.45,8.89,34386731.0,6.817750000000006,6.14411111111111,5.521333333333334
399,2020-07-07,8.8,9.65,8.78,9.46,44478149.0,6.83483333333334,6.175999999999999,5.54525
400,2020-07-08,9.41,9.57,9.02,9.47,37077445.0,6.849500000000007,6.208055555555554,5.5691250000000005
401,2020-07-09,9.43,9.72,9.26,9.63,38201263.0,6.8663333333333405,6.240611111111111,5.593541666666668
402,2020-07-10,9.59,10.55,9.41,9.87,45121635.0,6.8905000000000065,6.274499999999999,5.619000000000001
403,2020-07-13,10.05,10.37,9.9,10.37,35661380.0,6.918083333333341,6.310722222222221,5.646791666666667
404,2020-07-14,10.2,10.33,9.86,10.09,33000760.0,6.944916666666674,6.345722222222221,5.6732499999999995
405,2020-07-15,10.05,10.26,9.44,9.5,28821404.0,6.963500000000008,6.377499999999999,5.6975
406,2020-07-16,9.58,9.6,8.56,8.69,27586550.0,6.976583333333341,6.404555555555556,5.718125
407,2020-07-17,8.71,8.85,8.55,8.73,14640830.0,6.991083333333341,6.431722222222223,5.739708333333334
408,2020-07-20,8.84,9.05,8.74,9.05,11961670.0,7.007833333333341,6.46,5.762583333333334
409,2020-07-21,9.05,9.16,8.9,8.99,10652634.0,7.027583333333341,6.488166666666666,5.785083333333334
410,2020-07-22,8.91,9.24,8.79,9.07,13836910.0,7.047833333333342,6.515888888888888,5.807958333333334
411,2020-07-23,8.95,9.02,8.5,8.88,18457472.0,7.067500000000009,6.542666666666667,5.8299166666666675
412,2020-07-24,8.8,8.93,8.31,8.34,16621120.0,7.081083333333342,6.566722222222222,5.849708333333335
413,2020-07-27,8.39,8.89,8.24,8.75,13735684.0,7.103500000000009,6.593444444444444,5.871083333333335
414,2020-07-28,8.82,9.17,8.8,9.1,18668017.0,7.133916666666676,6.6225,5.894000000000002
415,2020-07-29,9.0,9.15,8.85,9.11,17542790.0,7.162666666666676,6.6515555555555546,5.916708333333334
416,2020-07-30,9.02,9.19,8.92,8.94,13086113.0,7.1878333333333435,6.6788888888888875,5.938958333333335
417,2020-07-31,8.89,9.03,8.86,8.94,9653880.0,7.21250000000001,6.705666666666667,5.961250000000002
418,2020-08-03,9.08,9.25,9.0,9.24,15987406.0,7.239083333333344,6.734277777777778,5.9854583333333355
419,2020-08-04,9.32,9.33,9.02,9.03,13542563.0,7.262416666666677,6.761722222222223,6.008250000000002
420,2020-08-05,9.02,9.17,8.96,9.15,10796243.0,7.288583333333344,6.789111111111112,6.0315833333333355
421,2020-08-06,9.16,9.23,8.9,8.99,12390640.0,7.311666666666677,6.8163333333333345,6.0548333333333355
422,2020-08-07,8.99,9.0,8.7,8.8,10114813.0,7.334666666666677,6.842722222222224,6.076708333333335
423,2020-08-10,8.78,9.14,8.78,8.94,10879680.0,7.359250000000011,6.868833333333336,6.099708333333336
424,2020-08-11,8.94,9.83,8.9,9.68,41667255.0,7.387666666666677,6.898333333333336,6.125833333333335
425,2020-08-12,9.89,10.2,9.35,9.99,62233746.0,7.417333333333344,6.930222222222225,6.1528750000000025
426,2020-08-13,9.74,9.98,9.6,9.64,31728235.0,7.43875000000001,6.960333333333336,6.178625000000002
427,2020-08-14,9.65,9.66,9.0,9.38,24762540.0,7.454250000000011,6.988166666666671,6.2029166666666695
428,2020-08-17,9.35,9.85,9.31,9.73,23405800.0,7.474916666666677,7.017944444444449,6.228625000000004
429,2020-08-18,9.62,9.76,9.43,9.49,19817530.0,7.493083333333344,7.045777777777783,6.253375000000004
430,2020-08-19,9.5,9.65,9.26,9.32,18634560.0,7.511666666666678,7.072333333333338,6.27704166666667
431,2020-08-20,9.18,9.2,9.0,9.03,15905680.0,7.529333333333344,7.098166666666671,6.299750000000003
432,2020-08-21,9.11,9.18,9.0,9.16,9578510.0,7.549666666666678,7.123000000000005,6.322750000000003
433,2020-08-24,9.27,9.7,9.15,9.7,20925026.0,7.580083333333345,7.149444444444449,6.347916666666669
434,2020-08-25,9.81,10.3,9.72,10.18,38494505.0,7.613166666666677,7.179666666666671,6.37504166666667
435,2020-08-26,10.25,10.3,9.6,9.97,26256932.0,7.642916666666678,7.207611111111116,6.40091666666667
436,2020-08-27,9.82,10.52,9.57,10.29,41543923.0,7.675416666666678,7.236333333333338,6.428416666666669
437,2020-08-28,10.35,10.5,10.06,10.19,32084171.0,7.706666666666678,7.262388888888894,6.455000000000003
438,2020-08-31,10.25,10.26,9.83,9.86,23478127.0,7.7332500000000115,7.2868333333333375,6.4800833333333365
439,2020-09-01,9.88,10.8,9.72,10.53,44231648.0,7.765083333333345,7.314333333333338,6.508250000000003
440,2020-09-02,10.6,10.99,10.37,10.82,56168065.0,7.800166666666678,7.34655555555556,6.537666666666669
441,2020-09-03,10.6,10.65,10.23,10.23,34263494.0,7.828833333333345,7.374777777777782,6.564750000000003
442,2020-09-04,9.9,10.54,9.81,10.35,23936280.0,7.860416666666679,7.404055555555559,6.592000000000002
443,2020-09-07,10.46,10.95,10.22,10.51,40802465.0,7.896416666666679,7.434555555555559,6.619916666666669
444,2020-09-08,10.4,10.86,10.2,10.86,37051138.0,7.939000000000012,7.467555555555559,6.648791666666669
445,2020-09-09,10.63,11.98,10.56,11.0,76689175.0,7.983583333333345,7.500166666666669,6.6787083333333355
446,2020-09-10,11.24,12.7,10.95,12.28,104807997.0,8.040833333333346,7.53927777777778,6.713750000000003
447,2020-09-11,11.2,11.78,9.82,11.52,81139915.0,8.091500000000012,7.574555555555557,6.746125000000003
448,2020-09-14,11.6,12.61,11.53,12.55,81185953.0,8.151000000000012,7.613722222222224,6.782791666666669
449,2020-09-15,12.45,12.65,11.74,11.99,60552158.0,8.208500000000011,7.646722222222224,6.817083333333335
450,2020-09-16,11.74,11.74,11.31,11.47,44004322.0,8.260333333333344,7.673444444444446,6.849250000000002
451,2020-09-17,11.33,11.81,11.01,11.02,44113115.0,8.307166666666678,7.699611111111112,6.879666666666669
452,2020-09-18,10.9,11.27,10.84,11.09,34806330.0,8.355333333333345,7.727777777777779,6.910375000000002
453,2020-09-21,11.08,11.28,10.45,10.47,39216110.0,8.399583333333347,7.749166666666668,6.938875000000001
454,2020-09-22,10.26,10.45,9.88,10.0,38039080.0,8.441333333333345,7.767333333333335,6.965833333333335
455,2020-09-23,10.03,10.26,9.9,10.14,27871966.0,8.484333333333346,7.786833333333335,6.993250000000002
456,2020-09-24,9.98,10.06,9.52,9.52,28222310.0,8.521500000000012,7.802944444444447,7.018083333333336
457,2020-09-25,9.58,9.66,9.14,9.33,20401090.0,8.555750000000012,7.81427777777778,7.041750000000002
458,2020-09-28,9.37,9.57,9.23,9.38,15423240.0,8.591250000000013,7.821833333333336,7.065583333333335
459,2020-09-29,9.51,9.61,9.41,9.48,13696070.0,8.625333333333346,7.833333333333336,7.089583333333335
460,2020-09-30,9.49,9.89,9.47,9.85,19638840.0,8.66225000000001,7.845222222222224,7.115208333333334
461,2020-10-09,10.5,10.65,10.03,10.09,26818490.0,8.70125000000001,7.859000000000002,7.141541666666668
462,2020-10-12,10.24,10.45,10.13,10.33,29505060.0,8.737750000000009,7.877666666666668,7.168875000000001
463,2020-10-13,10.25,11.23,10.25,10.92,45178609.0,8.779583333333342,7.899111111111113,7.198333333333335
464,2020-10-14,10.76,11.02,10.64,10.86,26519931.0,8.820416666666675,7.92127777777778,7.2277916666666675
465,2020-10-15,11.05,11.62,10.8,10.86,48147818.0,8.861250000000007,7.9412222222222235,7.257291666666668
466,2020-10-16,10.56,10.98,10.4,10.6,28766890.0,8.900583333333339,7.960555555555557,7.285541666666668
467,2020-10-19,10.65,10.86,10.4,10.66,25022548.0,8.940750000000007,7.980944444444447,7.313958333333335
468,2020-10-20,10.58,11.16,10.55,11.13,33737940.0,8.984750000000009,8.00366666666667,7.343833333333335
469,2020-10-21,11.05,11.16,10.66,10.76,24310520.0,9.026333333333342,8.02666666666667,7.3723333333333345
470,2020-10-22,10.59,11.32,10.43,11.19,36668210.0,9.067583333333342,8.051944444444448,7.401958333333336
471,2020-10-23,11.1,11.34,10.84,10.95,32028987.0,9.107916666666677,8.07655555555556,7.430666666666669
472,2020-10-26,10.79,11.15,10.65,11.05,22617680.0,9.146833333333342,8.10066666666667,7.460000000000003
473,2020-10-27,10.97,11.03,10.46,10.63,24440870.0,9.18350000000001,8.12605555555556,7.4878750000000025
474,2020-10-28,10.7,11.4,10.58,11.25,40447004.0,9.22425000000001,8.158277777777782,7.518625000000003
475,2020-10-29,11.1,11.57,11.0,11.16,44599163.0,9.263416666666677,8.188833333333337,7.548958333333336
476,2020-10-30,11.22,11.6,10.73,10.75,50148750.0,9.29875000000001,8.215666666666671,7.577000000000003
477,2020-11-02,10.72,11.58,10.6,11.57,55788577.0,9.340500000000011,8.246722222222225,7.6080416666666695
478,2020-11-03,11.51,11.54,11.12,11.46,46161948.0,9.382833333333343,8.276777777777781,7.6387500000000035
479,2020-11-04,11.39,11.79,11.3,11.79,50752485.0,9.427416666666677,8.30766666666667,7.670833333333337
480,2020-11-05,11.8,11.99,11.53,11.85,40559661.0,9.469333333333342,8.340111111111113,7.702625000000003
481,2020-11-06,11.82,11.97,11.02,11.16,40322862.0,9.505333333333343,8.367555555555558,7.732083333333337
482,2020-11-09,11.18,11.43,11.06,11.22,28566530.0,9.543666666666677,8.396333333333336,7.761958333333338
483,2020-11-10,11.0,11.0,9.92,10.1,47535522.0,9.574416666666677,8.41916666666667,7.786375000000004
484,2020-11-11,10.0,10.26,9.97,9.98,17602724.0,9.603833333333343,8.439777777777781,7.809750000000005
485,2020-11-12,9.99,10.13,9.71,9.8,16448884.0,9.633500000000009,8.458500000000003,7.832875000000004
486,2020-11-13,9.85,10.07,9.77,10.02,12569504.0,9.66450000000001,8.474888888888891,7.857041666666671
487,2020-11-16,10.0,10.77,9.92,10.45,21950216.0,9.69775000000001,8.49116666666667,7.882375000000005
488,2020-11-17,10.28,12.54,10.28,11.74,115999218.0,9.744166666666676,8.516111111111114,7.913083333333338
489,2020-11-18,11.4,12.18,11.4,11.82,91187695.0,9.790666666666676,8.541166666666669,7.9436666666666715
490,2020-11-19,12.11,12.37,11.36,11.62,63503846.0,9.830333333333341,8.566333333333336,7.973166666666671
491,2020-11-20,11.6,12.32,11.5,11.97,69240525.0,9.867166666666675,8.594444444444447,8.004791666666671
492,2020-11-23,11.92,12.1,11.71,11.96,53801180.0,9.897666666666677,8.623555555555559,8.035083333333338
493,2020-11-24,12.01,12.42,11.42,12.01,58667516.0,9.921666666666676,8.65666666666667,8.06454166666667
494,2020-11-25,11.82,12.29,11.55,11.97,61809273.0,9.952750000000009,8.68866666666667,8.09466666666667
495,2020-11-26,11.62,11.75,10.9,11.12,52783300.0,9.969916666666675,8.71488888888889,8.120416666666669
496,2020-11-27,11.24,11.41,10.68,10.8,35476710.0,9.988166666666675,8.73938888888889,8.144083333333336
497,2020-11-30,10.73,10.95,10.56,10.57,26127902.0,9.999916666666675,8.762333333333334,8.165208333333336
498,2020-12-01,10.52,10.82,10.44,10.7,24252370.0,10.005083333333342,8.784722222222221,8.18704166666667
499,2020-12-02,10.7,10.73,10.35,10.35,27489990.0,10.012333333333341,8.804944444444443,8.20691666666667
500,2020-12-03,10.36,10.56,10.21,10.45,21502030.0,10.019833333333342,8.826277777777777,8.22954166666667
501,2020-12-04,10.4,10.88,10.28,10.8,31698133.0,10.034166666666675,8.848555555555556,8.253083333333336
502,2020-12-07,10.7,10.9,10.63,10.77,17441180.0,10.051333333333341,8.871944444444445,8.27679166666667
503,2020-12-08,10.74,11.14,10.68,10.99,26682130.0,10.070416666666675,8.89861111111111,8.30166666666667
504,2020-12-09,10.85,10.94,10.28,10.29,27746530.0,10.084666666666674,8.923833333333333,8.32404166666667
505,2020-12-10,10.22,10.48,10.13,10.41,15378170.0,10.10125000000001,8.950277777777778,8.34604166666667
506,2020-12-11,10.34,10.47,9.96,10.07,18584141.0,10.111500000000008,8.976166666666666,8.366166666666668
507,2020-12-14,10.02,10.37,9.93,10.33,12880760.0,10.124916666666675,9.003333333333332,8.387666666666668
508,2020-12-15,10.28,10.45,10.2,10.39,13066372.0,10.140083333333342,9.030999999999999,8.40804166666667
509,2020-12-16,10.4,10.46,9.9,9.9,19985270.0,10.15175000000001,9.057722222222221,8.424083333333336
510,2020-12-17,9.82,10.61,9.8,10.55,28957850.0,10.17100000000001,9.087166666666665,8.440291666666669
511,2020-12-18,10.48,10.59,10.22,10.38,18043440.0,10.187833333333344,9.114833333333333,8.457250000000004
512,2020-12-21,10.42,10.69,10.31,10.53,20390100.0,10.206000000000012,9.143833333333333,8.476041666666669
513,2020-12-22,10.43,11.06,10.22,10.6,32278073.0,10.223666666666677,9.174055555555555,8.492625000000002
514,2020-12-23,10.55,11.0,10.47,10.8,36018884.0,10.245333333333344,9.206333333333331,8.509583333333335
515,2020-12-24,10.82,10.83,10.26,10.28,25684620.0,10.262833333333342,9.235777777777775,8.524791666666669
516,2020-12-25,10.2,10.35,10.0,10.12,16297460.0,10.279000000000007,9.263888888888886,8.539375000000003
517,2020-12-28,9.99,10.77,9.92,10.59,29163707.0,10.295750000000007,9.293722222222218,8.553125000000003
518,2020-12-29,10.5,10.55,9.77,9.82,33409102.0,10.303500000000007,9.31983333333333,8.560625000000005
519,2020-12-30,9.73,10.62,9.73,10.45,40970970.0,10.311750000000007,9.34794444444444,8.573291666666671
520,2020-12-31,10.5,10.54,10.05,10.25,33750479.0,10.318250000000006,9.374777777777775,8.583875000000004
521,2021-01-04,10.42,11.03,10.29,10.98,53811817.0,10.329500000000005,9.405722222222218,8.59791666666667
522,2021-01-05,10.96,12.22,10.84,11.9,80642220.0,10.346416666666673,9.438777777777775,8.618458333333338
523,2021-01-06,11.83,12.14,11.42,11.54,46807273.0,10.356166666666674,9.470111111111107,8.637125000000005
524,2021-01-07,11.6,11.95,11.28,11.52,40712113.0,10.368083333333342,9.500999999999996,8.656500000000005
525,2021-01-08,11.6,12.03,11.1,11.93,47355055.0,10.388333333333343,9.534166666666662,8.675916666666671
526,2021-01-11,12.7,13.3,12.06,12.18,66736196.0,10.417416666666675,9.569166666666662,8.697000000000005
527,2021-01-12,11.91,12.37,11.18,12.08,57548230.0,10.445333333333341,9.603833333333329,8.718208333333338
528,2021-01-13,12.02,12.25,11.28,11.6,40059698.0,10.466583333333341,9.635777777777774,8.737208333333339
529,2021-01-14,11.1,11.45,11.03,11.1,22545960.0,10.484166666666674,9.665388888888884,8.755875000000005
530,2021-01-15,11.1,11.51,11.0,11.35,22353059.0,10.503166666666674,9.693777777777772,8.775500000000005
531,2021-01-18,11.0,11.31,10.95,11.09,24980507.0,10.521583333333338,9.721444444444439,8.794541666666673
532,2021-01-19,10.85,10.96,10.27,10.31,35773490.0,10.538000000000006,9.743277777777772,8.809541666666671
533,2021-01-20,10.4,11.29,10.32,10.93,35721020.0,10.556166666666673,9.769388888888882,8.829833333333339
534,2021-01-21,10.9,11.19,10.7,11.02,26755420.0,10.572166666666673,9.795277777777772,8.853041666666673
535,2021-01-22,10.92,11.39,10.59,11.19,29096419.0,10.589500000000008,9.82155555555555,8.876083333333339
536,2021-01-25,11.16,11.16,10.62,10.74,24340036.0,10.604500000000007,9.84505555555555,8.896166666666671
537,2021-01-26,10.6,10.95,10.5,10.65,14819904.0,10.618750000000007,9.867777777777773,8.915625000000006
538,2021-01-27,10.57,10.74,10.3,10.41,14456060.0,10.628500000000008,9.890166666666662,8.933791666666671
539,2021-01-28,10.3,10.55,10.05,10.07,15676676.0,10.637166666666674,9.910333333333329,8.949791666666671
540,2021-01-29,10.11,10.58,10.11,10.51,21530310.0,10.648500000000007,9.930833333333329,8.968541666666672
541,2021-02-01,10.53,11.09,10.5,10.62,19252957.0,10.662083333333339,9.951833333333328,8.986875000000005
542,2021-02-02,10.51,10.9,10.22,10.73,19647550.0,10.678166666666673,9.974666666666662,9.006416666666672
543,2021-02-03,10.7,11.07,10.47,10.5,17258973.0,10.691166666666673,9.997388888888883,9.02520833333334
544,2021-02-04,10.5,10.66,10.05,10.2,18371784.0,10.695500000000006,10.018222222222217,9.041583333333339
545,2021-02-05,10.17,10.34,9.71,9.84,16101596.0,10.694250000000006,10.038222222222217,9.055791666666673
546,2021-02-08,9.79,10.04,9.75,9.96,6755880.0,10.696916666666672,10.05855555555555,9.06783333333334
547,2021-02-09,9.93,10.08,9.3,9.84,14181650.0,10.700750000000003,10.077333333333327,9.077500000000008
548,2021-02-10,9.84,9.94,9.58,9.61,9639470.0,10.699750000000002,10.096444444444437,9.08733333333334
549,2021-02-18,9.79,9.98,9.72,9.88,8942280.0,10.703000000000003,10.11666666666666,9.098041666666676
550,2021-02-19,9.86,10.09,9.8,10.07,9552402.0,10.709250000000003,10.134499999999994,9.110458333333343
551,2021-02-22,10.08,10.34,10.05,10.08,13408390.0,10.718000000000002,10.14855555555555,9.123666666666676
552,2021-02-23,10.08,10.19,9.91,10.05,7889660.0,10.725416666666668,10.158277777777771,9.137541666666676
553,2021-02-24,10.05,10.13,9.94,10.1,8386740.0,10.72875,10.163666666666659,9.154416666666675
554,2021-02-25,10.16,10.18,9.71,9.76,11031160.0,10.725249999999999,10.172111111111104,9.169208333333343
555,2021-02-26,9.6,10.17,9.5,9.92,10748243.0,10.724833333333333,10.176888888888882,9.18387500000001
556,2021-03-01,9.77,10.01,9.77,9.98,7498990.0,10.72225,10.184499999999995,9.198833333333344
557,2021-03-02,10.05,10.09,9.79,9.92,7359340.0,10.72,10.188722222222216,9.213333333333344
558,2021-03-03,9.91,10.05,9.78,9.99,7226720.0,10.721083333333334,10.188222222222217,9.227166666666676
559,2021-03-04,9.93,9.96,9.72,9.75,7048840.0,10.714583333333335,10.189722222222217,9.239833333333342
560,2021-03-05,9.7,9.87,9.62,9.74,5559173.0,10.705583333333335,10.190777777777772,9.252875000000008
561,2021-03-08,9.71,9.85,9.48,9.51,8026040.0,10.699583333333335,10.193166666666661,9.264208333333341
562,2021-03-09,9.59,9.59,8.92,9.01,9172588.0,10.68841666666667,10.194833333333328,9.274416666666676
563,2021-03-10,9.1,9.43,9.0,9.04,6864180.0,10.676166666666669,10.196722222222217,9.286291666666676
564,2021-03-11,9.05,9.13,8.82,9.09,7831510.0,10.66141666666667,10.19955555555555,9.300208333333343
565,2021-03-12,9.09,9.13,8.88,8.92,6780140.0,10.644083333333336,10.202333333333327,9.313833333333344
566,2021-03-15,8.8,8.95,8.54,8.68,9521380.0,10.614083333333337,10.201444444444439,9.327458333333343
567,2021-03-16,8.66,8.86,8.65,8.77,7324266.0,10.591166666666672,10.201722222222218,9.341333333333344
568,2021-03-17,9.12,9.35,9.04,9.29,16240627.0,10.564000000000004,10.205722222222217,9.35750000000001
569,2021-03-18,9.21,9.33,9.08,9.1,9075932.0,10.53991666666667,10.20905555555555,9.374208333333343
570,2021-03-19,9.03,9.06,8.88,8.9,5878610.0,10.518500000000005,10.212722222222217,9.389416666666676
571,2021-03-22,8.88,9.18,8.87,9.15,6728583.0,10.502916666666671,10.217111111111107,9.405041666666676
572,2021-03-23,9.3,9.3,8.97,9.02,5794210.0,10.485666666666672,10.22083333333333,9.42050000000001
573,2021-03-24,9.02,9.04,8.78,8.81,5198880.0,10.471833333333338,10.222666666666662,9.435708333333343
574,2021-03-25,8.75,8.82,8.68,8.78,3981720.0,10.461666666666671,10.225888888888884,9.451500000000012
575,2021-03-26,8.79,8.92,8.73,8.88,4969560.0,10.451166666666671,10.229777777777773,9.467750000000013
576,2021-03-29,8.88,8.91,8.65,8.67,6490490.0,10.444083333333339,10.232499999999996,9.48279166666668
577,2021-03-30,8.65,8.75,8.61,8.65,3477500.0,10.438416666666674,10.232888888888885,9.497083333333347
578,2021-03-31,8.72,8.93,8.68,8.8,5958400.0,10.433583333333338,10.232388888888885,9.512416666666683
579,2021-04-01,8.93,9.33,8.92,9.07,10666100.0,10.430166666666672,10.230222222222217,9.527750000000017
580,2021-04-02,9.01,9.05,8.85,8.98,5909350.0,10.422916666666673,10.227499999999996,9.542583333333349
581,2021-04-06,8.99,9.15,8.95,9.06,5073720.0,10.414333333333339,10.224333333333327,9.557791666666683
582,2021-04-07,9.08,9.13,8.93,9.07,4353710.0,10.40383333333334,10.219888888888883,9.570791666666684
583,2021-04-08,9.05,9.06,8.88,8.9,4157450.0,10.387000000000006,10.211722222222217,9.583291666666685
584,2021-04-09,8.89,8.92,8.84,8.89,2710840.0,10.370583333333341,10.205055555555552,9.595500000000017
585,2021-04-12,8.87,8.92,8.67,8.68,3096620.0,10.352416666666675,10.200499999999996,9.60683333333335
586,2021-04-13,8.7,8.83,8.61,8.69,3115190.0,10.33650000000001,10.200499999999996,9.618541666666683
587,2021-04-14,8.68,8.92,8.67,8.9,3906160.0,10.321833333333343,10.201444444444443,9.631291666666682
588,2021-04-15,8.84,8.85,8.7,8.73,4064210.0,10.301833333333343,10.199666666666664,9.643291666666682
589,2021-04-16,8.7,9.4,8.69,9.15,14170401.0,10.288416666666677,10.200555555555553,9.657375000000018
590,2021-04-19,9.57,10.13,9.25,9.87,32387180.0,10.277416666666676,10.204999999999998,9.672500000000017
591,2021-04-20,9.79,10.13,9.45,9.45,25361247.0,10.264916666666675,10.208166666666664,9.686416666666682
592,2021-04-21,9.4,9.46,9.17,9.21,12356280.0,10.249583333333343,10.212999999999997,9.69820833333335
593,2021-04-22,9.26,9.43,9.15,9.22,10367970.0,10.237833333333343,10.215611111111109,9.71066666666668
594,2021-04-23,9.17,9.36,9.1,9.3,9216337.0,10.221583333333342,10.21672222222222,9.722916666666682
595,2021-04-26,9.31,9.42,9.15,9.31,9458357.0,10.206166666666673,10.217833333333333,9.734791666666682
596,2021-04-27,9.45,9.53,8.86,8.9,16164493.0,10.190750000000008,10.21761111111111,9.744750000000014
597,2021-04-28,8.71,9.13,8.67,9.05,8789667.0,10.16975000000001,10.21822222222222,9.755125000000016
598,2021-04-29,8.97,9.04,8.82,8.83,7694529.0,10.147833333333342,10.215944444444442,9.765333333333349
599,2021-04-30,8.8,9.26,8.7,9.24,11643123.0,10.126583333333341,10.217111111111109,9.777000000000013
