,date,open,high,low,close,volume,120,180,240
0,2018-11-13,4.3,4.38,4.21,4.31,12029891.0,,,
1,2018-11-14,4.27,4.31,4.13,4.25,7967738.0,,,
2,2018-11-15,4.24,4.3,4.19,4.25,5670579.0,,,
3,2018-11-16,4.25,4.39,4.24,4.37,7471904.0,,,
4,2018-11-19,4.34,4.36,4.25,4.3,5738923.0,,,
5,2018-11-20,4.3,4.3,4.13,4.16,3836352.0,,,
6,2018-11-21,4.1,4.18,4.09,4.16,2415881.0,,,
7,2018-11-22,4.16,4.19,4.11,4.18,2166886.0,,,
8,2018-11-23,4.15,4.15,3.98,3.99,3932786.0,,,
9,2018-11-26,3.98,4.03,3.97,4.01,1153153.0,,,
10,2018-11-27,4.01,4.07,4.01,4.03,1430866.0,,,
11,2018-11-28,4.04,4.11,4.0,4.11,1927700.0,,,
12,2018-11-29,4.11,4.15,4.04,4.04,2308341.0,,,
13,2018-11-30,4.04,4.25,4.02,4.2,4449933.0,,,
14,2018-12-03,4.26,4.29,4.2,4.25,4582080.0,,,
15,2018-12-04,4.24,4.28,4.2,4.27,2687500.0,,,
16,2018-12-05,4.15,4.29,4.15,4.25,2519600.0,,,
17,2018-12-06,4.24,4.25,4.15,4.17,1872017.0,,,
18,2018-12-07,4.19,4.21,4.12,4.18,1336737.0,,,
19,2018-12-10,4.14,4.19,4.13,4.14,1400800.0,,,
20,2018-12-11,4.19,4.23,4.14,4.15,2109958.0,,,
21,2018-12-12,4.2,4.37,4.2,4.27,5812855.0,,,
22,2018-12-13,4.26,4.28,4.2,4.26,3683869.0,,,
23,2018-12-14,4.23,4.27,4.16,4.16,2336000.0,,,
24,2018-12-17,4.15,4.15,4.08,4.12,2686842.0,,,
25,2018-12-18,4.11,4.18,4.09,4.16,1899922.0,,,
26,2018-12-19,4.15,4.19,4.1,4.11,1970670.0,,,
27,2018-12-20,4.1,4.16,4.1,4.11,1161332.0,,,
28,2018-12-21,4.07,4.12,4.07,4.11,886480.0,,,
29,2018-12-24,4.11,4.15,4.1,4.13,992108.0,,,
30,2018-12-25,4.11,4.2,4.0,4.17,2695571.0,,,
31,2018-12-26,4.16,4.18,4.11,4.17,1127289.0,,,
32,2018-12-27,4.2,4.24,4.13,4.13,1752089.0,,,
33,2018-12-28,4.11,4.18,4.11,4.18,1176172.0,,,
34,2019-01-02,4.18,4.3,4.18,4.2,2748595.0,,,
35,2019-01-03,4.2,4.26,4.15,4.19,2414779.0,,,
36,2019-01-04,4.18,4.34,4.15,4.34,5281572.0,,,
37,2019-01-07,4.35,4.52,4.35,4.52,7969112.0,,,
38,2019-01-08,4.51,4.56,4.43,4.52,5730859.0,,,
39,2019-01-09,4.51,4.63,4.44,4.47,4611287.0,,,
40,2019-01-10,4.46,4.51,4.43,4.47,2590315.0,,,
41,2019-01-11,4.47,4.52,4.45,4.45,1783222.0,,,
42,2019-01-14,4.47,4.57,4.47,4.52,3632411.0,,,
43,2019-01-15,4.52,4.58,4.45,4.51,2198617.0,,,
44,2019-01-16,4.48,4.53,4.41,4.45,2810579.0,,,
45,2019-01-17,4.45,4.5,4.38,4.43,2751929.0,,,
46,2019-01-18,4.42,4.46,4.39,4.41,1529708.0,,,
47,2019-01-21,4.42,4.45,4.38,4.44,2015922.0,,,
48,2019-01-22,4.47,4.47,4.33,4.4,1960100.0,,,
49,2019-01-23,4.37,4.4,4.34,4.35,1099400.0,,,
50,2019-01-24,4.35,4.39,4.35,4.39,1397173.0,,,
51,2019-01-25,4.38,4.38,4.31,4.32,2961414.0,,,
52,2019-01-28,4.36,4.36,4.26,4.28,1844900.0,,,
53,2019-01-29,4.26,4.28,4.15,4.21,1979692.0,,,
54,2019-01-30,4.24,4.27,4.2,4.26,1164600.0,,,
55,2019-01-31,4.34,4.45,4.27,4.37,4624342.0,,,
56,2019-02-01,4.37,4.39,4.31,4.39,2779100.0,,,
57,2019-02-11,4.44,4.48,4.38,4.44,2130491.0,,,
58,2019-02-12,4.44,4.49,4.41,4.49,2176843.0,,,
59,2019-02-13,4.48,4.52,4.44,4.51,3067332.0,,,
60,2019-02-14,4.53,4.53,4.46,4.46,2806600.0,,,
61,2019-02-15,4.45,4.53,4.45,4.46,2429523.0,,,
62,2019-02-18,4.48,4.63,4.48,4.63,5754386.0,,,
63,2019-02-19,4.66,4.91,4.61,4.72,8002070.0,,,
64,2019-02-20,4.82,4.94,4.71,4.89,9289226.0,,,
65,2019-02-21,4.89,4.94,4.79,4.82,6022596.0,,,
66,2019-02-22,4.78,4.85,4.74,4.85,5522235.0,,,
67,2019-02-25,4.85,5.02,4.84,4.99,8446867.0,,,
68,2019-02-26,4.96,5.22,4.91,5.03,8004054.0,,,
69,2019-02-27,5.04,5.13,4.94,4.97,5683688.0,,,
70,2019-02-28,4.98,5.45,4.92,5.25,10132807.0,,,
71,2019-03-01,5.2,5.43,5.14,5.39,8908710.0,,,
72,2019-03-04,5.33,5.46,5.29,5.32,11532256.0,,,
73,2019-03-05,5.32,5.34,5.17,5.29,11541807.0,,,
74,2019-03-06,5.29,5.34,5.2,5.31,9138801.0,,,
75,2019-03-07,5.3,5.34,5.22,5.28,9881233.0,,,
76,2019-03-08,5.31,5.31,4.94,4.94,9897225.0,,,
77,2019-03-11,4.94,5.09,4.94,5.08,6114352.0,,,
78,2019-03-12,5.15,5.41,5.14,5.28,9964482.0,,,
79,2019-03-13,5.29,5.35,5.18,5.2,6438001.0,,,
80,2019-03-14,5.14,5.23,4.94,5.01,5217501.0,,,
81,2019-03-15,5.04,5.18,4.98,5.18,4000783.0,,,
82,2019-03-18,5.18,5.23,5.13,5.22,3411609.0,,,
83,2019-03-19,5.25,5.5,5.25,5.37,10415220.0,,,
84,2019-03-20,5.36,5.63,5.29,5.61,13741372.0,,,
85,2019-03-21,5.55,5.69,5.54,5.55,10935142.0,,,
86,2019-03-22,5.55,5.58,5.44,5.49,5171464.0,,,
87,2019-03-25,5.42,5.47,5.35,5.4,6355813.0,,,
88,2019-03-26,5.42,5.49,5.33,5.35,4574058.0,,,
89,2019-03-27,5.46,5.49,5.24,5.4,5611749.0,,,
90,2019-03-28,5.37,5.37,5.22,5.23,3988789.0,,,
91,2019-03-29,5.24,5.36,5.15,5.35,4830338.0,,,
92,2019-04-01,5.38,5.58,5.34,5.52,7285874.0,,,
93,2019-04-02,5.56,5.6,5.47,5.53,7070230.0,,,
94,2019-04-03,5.56,5.57,5.47,5.53,4060872.0,,,
95,2019-04-04,5.54,5.57,5.43,5.48,6049781.0,,,
96,2019-04-08,5.49,5.53,5.35,5.5,5195824.0,,,
97,2019-04-09,5.5,5.52,5.38,5.43,4488399.0,,,
98,2019-04-10,5.42,5.6,5.4,5.56,8232550.0,,,
99,2019-04-11,5.57,5.6,5.46,5.47,5341000.0,,,
100,2019-04-12,5.61,5.97,5.57,5.87,21558499.0,,,
101,2019-04-15,6.01,6.02,5.68,5.7,17900541.0,,,
102,2019-04-16,5.71,5.78,5.61,5.78,7175069.0,,,
103,2019-04-17,5.76,5.85,5.73,5.74,9135951.0,,,
104,2019-04-18,5.76,5.78,5.63,5.68,6359558.0,,,
105,2019-04-19,5.68,5.75,5.64,5.73,4629739.0,,,
106,2019-04-22,5.74,5.79,5.68,5.71,5320218.0,,,
107,2019-04-23,5.71,5.71,5.55,5.56,6552466.0,,,
108,2019-04-24,5.57,5.61,5.51,5.58,2921994.0,,,
109,2019-04-25,5.58,5.58,5.31,5.35,5725476.0,,,
110,2019-04-26,5.33,5.36,5.26,5.32,4199300.0,,,
111,2019-04-29,5.35,5.43,5.28,5.3,5600017.0,,,
112,2019-04-30,5.37,5.39,5.29,5.35,3004000.0,,,
113,2019-05-06,5.29,5.29,4.88,4.93,6189630.0,,,
114,2019-05-07,4.93,5.02,4.92,4.98,3928964.0,,,
115,2019-05-08,4.93,5.03,4.88,4.95,2813308.0,,,
116,2019-05-09,4.94,5.01,4.78,4.82,3093900.0,,,
117,2019-05-10,4.88,5.0,4.82,4.97,5056098.0,,,
118,2019-05-13,4.99,5.08,4.9,5.04,4479336.0,,,
119,2019-05-14,5.02,5.07,4.93,4.95,4515460.0,4.76525,,
120,2019-05-15,5.01,5.05,4.95,5.03,4058700.0,4.77125,,
121,2019-05-16,5.03,5.25,5.02,5.15,6317177.0,4.7787500000000005,,
122,2019-05-17,5.18,5.18,4.91,4.94,4339396.0,4.7845,,
123,2019-05-20,4.94,4.94,4.71,4.81,2980627.0,4.788166666666667,,
124,2019-05-21,4.8,4.94,4.8,4.93,2547807.0,4.793416666666667,,
125,2019-05-22,4.94,4.98,4.89,4.97,2490315.0,4.800166666666668,,
126,2019-05-23,4.97,4.98,4.87,4.89,2317271.0,4.806250000000001,,
127,2019-05-24,4.88,4.95,4.84,4.88,1585680.0,4.812083333333335,,
128,2019-05-27,4.89,4.98,4.87,4.97,1556354.0,4.8202500000000015,,
129,2019-05-28,4.94,5.01,4.93,4.95,1734817.0,4.8280833333333355,,
130,2019-05-29,4.98,5.04,4.97,5.0,2530460.0,4.836166666666669,,
131,2019-05-30,4.99,5.02,4.93,5.0,1842217.0,4.843583333333336,,
132,2019-05-31,5.0,5.14,4.99,5.1,3704537.0,4.852416666666669,,
133,2019-06-03,5.08,5.12,5.02,5.11,2116258.0,4.860000000000002,,
134,2019-06-04,5.12,5.12,5.0,5.05,2218300.0,4.866666666666669,,
135,2019-06-05,5.09,5.09,4.99,5.01,1564472.0,4.872833333333335,,
136,2019-06-06,5.03,5.03,4.88,4.91,1863900.0,4.878333333333335,,
137,2019-06-10,4.9,4.99,4.89,4.95,1700301.0,4.884833333333336,,
138,2019-06-11,4.94,5.08,4.94,5.08,2353509.0,4.892333333333337,,
139,2019-06-12,5.07,5.12,5.03,5.08,1704400.0,4.90016666666667,,
140,2019-06-13,5.12,5.12,5.03,5.1,1518471.0,4.908083333333337,,
141,2019-06-14,5.11,5.13,4.97,4.97,2092200.0,4.913916666666671,,
142,2019-06-17,4.97,5.11,4.95,5.07,2611247.0,4.920666666666672,,
143,2019-06-18,5.1,5.12,4.99,5.05,1493752.0,4.928083333333338,,
144,2019-06-19,5.12,5.17,5.05,5.05,2607165.0,4.9358333333333375,,
145,2019-06-20,5.08,5.2,5.07,5.18,4007145.0,4.944333333333337,,
146,2019-06-21,5.23,5.23,5.16,5.19,3761109.0,4.953333333333338,,
147,2019-06-24,5.19,5.22,5.16,5.19,2077505.0,4.962333333333338,,
148,2019-06-25,5.19,5.2,5.06,5.12,2888066.0,4.970750000000005,,
149,2019-06-26,5.11,5.18,5.09,5.17,2477901.0,4.979416666666671,,
150,2019-06-27,5.22,5.22,5.1,5.14,2402071.0,4.987500000000005,,
151,2019-06-28,5.18,5.22,5.12,5.14,2919740.0,4.995583333333339,,
152,2019-07-01,5.26,5.26,5.17,5.25,3818708.0,5.004916666666672,,
153,2019-07-02,5.26,5.35,5.2,5.26,3503593.0,5.013916666666672,,
154,2019-07-03,5.25,5.25,5.12,5.13,3058091.0,5.021666666666672,,
155,2019-07-04,5.17,5.2,5.13,5.17,2767191.0,5.029833333333338,,
156,2019-07-05,5.16,5.23,5.15,5.21,1787890.0,5.037083333333338,,
157,2019-07-08,5.11,5.25,4.99,5.02,3898054.0,5.041250000000004,,
158,2019-07-09,5.03,5.11,4.96,5.02,2194467.0,5.045416666666671,,
159,2019-07-10,4.98,5.02,4.94,4.95,1618138.0,5.049416666666671,,
160,2019-07-11,4.97,5.01,4.94,4.99,1470834.0,5.053750000000004,,
161,2019-07-12,5.0,5.06,4.97,5.01,1785937.0,5.058416666666671,,
162,2019-07-15,5.01,5.05,4.76,5.02,2902538.0,5.062583333333337,,
163,2019-07-16,5.0,5.04,4.96,5.02,2064921.0,5.066833333333337,,
164,2019-07-17,5.05,5.05,4.98,4.99,1431934.0,5.071333333333337,,
165,2019-07-18,4.97,4.99,4.92,4.97,1627443.0,5.075833333333337,,
166,2019-07-19,4.97,5.02,4.92,4.94,1975971.0,5.080250000000005,,
167,2019-07-22,4.96,4.98,4.83,4.85,2174634.0,5.083666666666671,,
168,2019-07-23,4.88,4.89,4.84,4.87,947209.0,5.087583333333338,,
169,2019-07-24,4.93,4.96,4.89,4.92,1566705.0,5.092333333333338,,
170,2019-07-25,4.92,4.94,4.87,4.92,1368045.0,5.096750000000004,,
171,2019-07-26,4.92,4.96,4.91,4.94,1080736.0,5.10191666666667,,
172,2019-07-29,4.94,4.97,4.91,4.94,955040.0,5.107416666666671,,
173,2019-07-30,4.95,5.04,4.94,5.0,1326190.0,5.114000000000004,,
174,2019-07-31,4.97,4.98,4.94,4.97,1014809.0,5.119916666666671,,
175,2019-08-01,5.07,5.07,4.97,4.99,1960441.0,5.125083333333338,,
176,2019-08-02,4.93,4.93,4.86,4.89,2049078.0,5.129250000000004,,
177,2019-08-05,4.89,4.89,4.8,4.81,1689200.0,5.132333333333337,,
178,2019-08-06,4.76,4.76,4.57,4.59,3786638.0,5.13316666666667,,
179,2019-08-07,4.61,4.7,4.57,4.66,2717043.0,5.13441666666667,4.846166666666668,
180,2019-08-08,4.67,4.69,4.63,4.65,1379143.0,5.136000000000004,4.848055555555557,
181,2019-08-09,4.67,4.67,4.57,4.58,1044518.0,5.137000000000003,4.8498888888888905,
182,2019-08-12,4.62,4.64,4.55,4.63,1236200.0,5.137000000000003,4.852000000000001,
183,2019-08-13,4.62,4.63,4.57,4.62,1007318.0,5.13616666666667,4.85338888888889,
184,2019-08-14,4.67,4.69,4.65,4.67,1390018.0,5.134333333333336,4.855444444444446,
185,2019-08-15,4.61,4.7,4.57,4.69,990768.0,5.133250000000003,4.858388888888891,
186,2019-08-16,4.64,4.74,4.64,4.72,981900.0,5.132166666666669,4.861500000000002,
187,2019-08-19,4.74,4.87,4.73,4.84,2497407.0,5.1309166666666695,4.865166666666669,
188,2019-08-20,4.85,4.87,4.81,4.83,2066963.0,5.129250000000003,4.869833333333336,
189,2019-08-21,4.8,4.83,4.76,4.8,1237985.0,5.127833333333337,4.874222222222225,
190,2019-08-22,4.8,4.85,4.75,4.85,1286188.0,5.124500000000003,4.87877777777778,
191,2019-08-23,4.83,4.91,4.76,4.83,1926873.0,5.119833333333337,4.882777777777781,
192,2019-08-26,4.78,4.85,4.72,4.78,2003830.0,5.115333333333337,4.886888888888892,
193,2019-08-27,4.77,4.85,4.77,4.84,2627400.0,5.111583333333337,4.890444444444447,
194,2019-08-28,4.84,4.86,4.78,4.81,1586400.0,5.10741666666667,4.893555555555558,
195,2019-08-29,4.82,4.82,4.69,4.72,3798780.0,5.102750000000004,4.8960555555555585,
196,2019-08-30,4.74,4.75,4.63,4.66,2826800.0,5.10041666666667,4.898333333333336,
197,2019-09-02,4.65,4.74,4.62,4.73,2361462.0,5.097500000000003,4.901444444444447,
198,2019-09-03,4.73,4.81,4.71,4.78,1921418.0,5.093333333333336,4.904777777777781,
199,2019-09-04,4.8,4.8,4.74,4.79,1850557.0,5.089916666666669,4.908388888888892,
200,2019-09-05,4.83,4.89,4.81,4.82,2905257.0,5.0883333333333365,4.912111111111114,
201,2019-09-06,4.84,4.86,4.78,4.83,1764136.0,5.085416666666671,4.915222222222226,
202,2019-09-09,4.84,4.86,4.81,4.86,2027693.0,5.082416666666671,4.918555555555559,
203,2019-09-10,4.86,4.87,4.83,4.85,1472076.0,5.078083333333337,4.922388888888893,
204,2019-09-11,4.87,4.87,4.83,4.84,1464639.0,5.071666666666671,4.926388888888893,
205,2019-09-12,4.84,4.87,4.84,4.86,1273459.0,5.065916666666671,4.930277777777783,
206,2019-09-16,4.86,4.92,4.86,4.91,2245048.0,5.061083333333338,4.934722222222226,
207,2019-09-17,4.91,4.91,4.81,4.82,2025100.0,5.056250000000005,4.938666666666672,
208,2019-09-18,4.82,4.85,4.77,4.82,1631195.0,5.051833333333338,4.942611111111116,
209,2019-09-19,4.8,4.88,4.8,4.87,1236318.0,5.047416666666672,4.946722222222227,
210,2019-09-20,4.87,4.91,4.82,4.91,3089987.0,5.044750000000005,4.950833333333338,
211,2019-09-23,4.89,5.37,4.76,5.37,2689255.0,5.044916666666671,4.957500000000005,
212,2019-09-24,5.1,5.15,4.98,5.08,11480266.0,5.041250000000005,4.9627777777777835,
213,2019-09-25,4.97,4.98,4.86,4.88,6514828.0,5.035833333333339,4.966666666666672,
214,2019-09-26,4.88,4.89,4.75,4.76,4230588.0,5.029416666666672,4.969777777777783,
215,2019-09-27,4.76,4.86,4.76,4.79,1819929.0,5.023666666666672,4.973111111111116,
216,2019-09-30,4.79,4.81,4.69,4.71,1572510.0,5.017083333333338,4.975166666666672,
217,2019-10-08,4.67,4.75,4.67,4.7,1412910.0,5.011000000000006,4.976166666666672,
218,2019-10-09,4.71,4.73,4.63,4.72,968018.0,5.004000000000007,4.9772777777777835,
219,2019-10-10,4.73,4.74,4.67,4.73,1923670.0,4.9978333333333405,4.978722222222228,
220,2019-10-11,4.71,4.77,4.71,4.76,1319510.0,4.98858333333334,4.980333333333339,
221,2019-10-14,4.82,4.84,4.77,4.83,2393910.0,4.98133333333334,4.982444444444449,
222,2019-10-15,4.83,4.84,4.78,4.8,1495308.0,4.973166666666673,4.984000000000005,
223,2019-10-16,4.82,4.83,4.74,4.77,1574200.0,4.9650833333333395,4.9854444444444495,
224,2019-10-17,4.76,4.79,4.73,4.74,653100.0,4.957250000000006,4.9870555555555605,
225,2019-10-18,4.74,4.78,4.67,4.7,1323576.0,4.948666666666673,4.9885555555555605,
226,2019-10-21,4.71,4.76,4.67,4.73,1190548.0,4.940500000000006,4.990333333333339,
227,2019-10-22,4.72,4.76,4.69,4.73,1040500.0,4.933583333333341,4.99194444444445,
228,2019-10-23,4.73,4.73,4.63,4.66,1845236.0,4.925916666666674,4.993388888888894,
229,2019-10-24,4.66,4.67,4.62,4.65,1130200.0,4.92008333333334,4.9950555555555605,
230,2019-10-25,4.68,4.69,4.63,4.69,1234532.0,4.914833333333339,4.996722222222227,
231,2019-10-28,4.66,4.76,4.66,4.75,1999384.0,4.910250000000007,4.999111111111116,
232,2019-10-29,4.75,4.76,4.7,4.7,1621812.0,4.9048333333333405,5.00144444444445,
233,2019-10-30,4.7,4.73,4.66,4.67,978544.0,4.902666666666674,5.004000000000005,
234,2019-10-31,4.67,4.73,4.59,4.59,2082580.0,4.899416666666673,5.005833333333339,
235,2019-11-01,4.6,4.67,4.59,4.65,1046600.0,4.896916666666673,5.007388888888894,
236,2019-11-04,4.65,4.67,4.61,4.62,1904403.0,4.895250000000006,5.008666666666672,
237,2019-11-05,4.63,4.66,4.59,4.64,1103221.0,4.892500000000006,5.009777777777783,
238,2019-11-06,4.65,4.65,4.57,4.61,1267492.0,4.888916666666673,5.01044444444445,
239,2019-11-07,4.59,4.63,4.57,4.61,956121.0,4.88608333333334,5.0110000000000054,4.8256666666666685
240,2019-11-08,4.63,4.64,4.6,4.62,840700.0,4.882666666666673,5.011888888888894,4.8269583333333355
241,2019-11-11,4.6,4.62,4.56,4.57,1683301.0,4.87783333333334,5.012500000000005,4.828291666666669
242,2019-11-12,4.56,4.58,4.5,4.55,974000.0,4.874583333333339,5.012055555555561,4.829541666666668
243,2019-11-13,4.57,4.57,4.5,4.54,846423.0,4.87233333333334,5.01105555555556,4.830250000000002
244,2019-11-14,4.52,4.56,4.52,4.55,751016.0,4.869166666666673,5.009166666666671,4.831291666666669
245,2019-11-15,4.55,4.55,4.45,4.46,907700.0,4.864916666666673,5.007166666666671,4.8325416666666685
246,2019-11-18,4.46,4.54,4.42,4.51,1006300.0,4.861750000000006,5.005277777777782,4.834000000000001
247,2019-11-19,4.51,4.56,4.49,4.56,941115.0,4.85908333333334,5.002888888888893,4.835583333333334
248,2019-11-20,4.54,4.56,4.45,4.48,1412014.0,4.855000000000006,4.999833333333338,4.837625000000001
249,2019-11-21,4.55,4.72,4.55,4.58,3465865.0,4.851916666666672,4.997666666666671,4.840000000000001
250,2019-11-22,4.59,4.65,4.54,4.65,2659600.0,4.8490000000000055,4.994333333333337,4.842583333333335
251,2019-11-25,4.64,4.69,4.59,4.69,3213047.0,4.846416666666673,4.9904444444444485,4.8450000000000015
252,2019-11-26,4.69,4.7,4.6,4.62,1761054.0,4.842416666666673,4.98655555555556,4.8474166666666685
253,2019-11-27,4.61,4.63,4.57,4.61,964400.0,4.838250000000006,4.982777777777782,4.849125000000001
254,2019-11-28,4.63,4.63,4.59,4.61,538780.0,4.83458333333334,4.978888888888894,4.850625
255,2019-11-29,4.59,4.61,4.54,4.57,901569.0,4.830916666666673,4.97494444444445,4.851875000000001
256,2019-12-02,4.58,4.59,4.53,4.54,995607.0,4.8278333333333405,4.9727222222222265,4.853083333333333
257,2019-12-03,4.5,4.56,4.5,4.55,570701.0,4.824500000000006,4.969777777777782,4.854666666666666
258,2019-12-04,4.52,4.58,4.51,4.52,683742.0,4.819833333333339,4.96555555555556,4.856083333333332
259,2019-12-05,4.56,4.56,4.52,4.55,675965.0,4.815416666666672,4.961944444444448,4.857791666666666
260,2019-12-06,4.56,4.57,4.53,4.56,651401.0,4.810916666666671,4.959444444444448,4.859499999999998
261,2019-12-09,4.62,4.75,4.62,4.67,2472380.0,4.808416666666671,4.956611111111115,4.861166666666665
262,2019-12-10,4.62,4.66,4.6,4.63,1185280.0,4.804750000000003,4.953333333333337,4.862708333333332
263,2019-12-11,4.64,4.65,4.62,4.63,731743.0,4.801250000000004,4.949222222222225,4.864666666666666
264,2019-12-12,4.61,4.64,4.61,4.62,715376.0,4.797666666666671,4.943722222222226,4.866749999999999
265,2019-12-13,4.63,4.65,4.61,4.64,1031287.0,4.793166666666671,4.93866666666667,4.8687499999999995
266,2019-12-16,4.65,4.69,4.62,4.68,1494707.0,4.78891666666667,4.93416666666667,4.871125
267,2019-12-17,4.69,4.74,4.65,4.73,2736744.0,4.785083333333336,4.930444444444448,4.873708333333334
268,2019-12-18,4.72,4.75,4.68,4.69,2022073.0,4.781500000000004,4.926777777777781,4.876125000000001
269,2019-12-19,4.68,4.77,4.68,4.75,2071265.0,4.778000000000004,4.9231666666666705,4.878708333333334
270,2019-12-20,4.74,4.75,4.7,4.7,1273400.0,4.774333333333337,4.920222222222226,4.880916666666667
271,2019-12-23,4.69,4.71,4.62,4.63,1466000.0,4.7700833333333374,4.916222222222226,4.882833333333334
272,2019-12-24,4.64,4.66,4.62,4.65,792800.0,4.765083333333338,4.911388888888893,4.885000000000001
273,2019-12-25,4.65,4.7,4.65,4.67,1196400.0,4.760166666666671,4.906611111111115,4.887041666666667
274,2019-12-26,4.67,4.72,4.66,4.71,1844518.0,4.756666666666671,4.90205555555556,4.889166666666667
275,2019-12-27,4.72,4.74,4.69,4.73,1936444.0,4.7530000000000046,4.897888888888892,4.891416666666667
276,2019-12-30,4.72,4.75,4.69,4.74,1986224.0,4.7490833333333375,4.893666666666671,4.893083333333334
277,2019-12-31,4.73,4.76,4.72,4.76,1190180.0,4.746916666666672,4.889944444444448,4.894083333333334
278,2020-01-02,4.75,4.82,4.75,4.79,2619357.0,4.7450000000000045,4.885666666666671,4.895208333333334
279,2020-01-03,4.79,4.82,4.77,4.79,1526574.0,4.7436666666666705,4.881888888888893,4.896541666666667
280,2020-01-06,4.78,4.83,4.75,4.79,1973880.0,4.7420000000000035,4.875888888888893,4.897875
281,2020-01-07,4.79,4.85,4.77,4.84,2362472.0,4.740583333333337,4.871111111111115,4.8995
282,2020-01-08,4.84,4.84,4.75,4.76,2096300.0,4.73841666666667,4.8654444444444485,4.900499999999999
283,2020-01-09,4.77,4.83,4.77,4.8,1940159.0,4.736583333333337,4.860222222222226,4.901708333333333
284,2020-01-10,4.8,4.81,4.77,4.79,1396926.0,4.7349166666666695,4.855277777777781,4.903124999999999
285,2020-01-13,4.78,4.8,4.75,4.8,1178600.0,4.733500000000003,4.850111111111114,4.904666666666666
286,2020-01-14,4.78,4.82,4.78,4.8,1204394.0,4.732333333333335,4.845055555555558,4.9062916666666645
287,2020-01-15,4.78,4.78,4.7,4.73,1711310.0,4.731333333333335,4.840444444444447,4.907499999999998
288,2020-01-16,4.72,4.76,4.67,4.67,1341322.0,4.7296666666666685,4.835388888888891,4.908624999999998
289,2020-01-17,4.71,4.74,4.65,4.65,1828162.0,4.727416666666668,4.831500000000002,4.909874999999999
290,2020-01-20,4.65,4.7,4.64,4.7,1216041.0,4.7255833333333355,4.828055555555558,4.911166666666665
291,2020-01-21,4.67,4.71,4.61,4.69,1760394.0,4.723500000000002,4.824666666666669,4.912708333333332
292,2020-01-22,4.68,4.68,4.58,4.66,1486902.0,4.721166666666668,4.8208333333333355,4.914291666666666
293,2020-01-23,4.64,4.65,4.46,4.54,1770000.0,4.717333333333334,4.818666666666669,4.915666666666666
294,2020-02-03,4.15,4.15,4.09,4.09,3249600.0,4.710000000000002,4.813722222222225,4.914958333333332
295,2020-02-04,3.97,4.2,3.97,4.1,2814494.0,4.702583333333335,4.809000000000003,4.913833333333332
296,2020-02-05,4.13,4.19,4.1,4.16,1844300.0,4.696500000000001,4.805333333333335,4.912874999999999
297,2020-02-06,4.16,4.2,4.11,4.19,1682344.0,4.691333333333335,4.801000000000002,4.911833333333332
298,2020-02-07,4.17,4.2,4.15,4.2,1570346.0,4.688083333333336,4.796333333333336,4.910624999999999
299,2020-02-10,4.17,4.27,4.16,4.27,1804891.0,4.684833333333335,4.792555555555558,4.909624999999999
300,2020-02-11,4.27,4.42,4.25,4.34,2160271.0,4.6822500000000025,4.7887222222222245,4.909124999999999
301,2020-02-12,4.37,4.59,4.3,4.51,4153724.0,4.681666666666669,4.78516666666667,4.909333333333332
302,2020-02-13,4.5,4.51,4.36,4.4,3080737.0,4.679750000000002,4.782166666666669,4.908374999999998
303,2020-02-14,4.36,4.41,4.34,4.35,1576975.0,4.677500000000003,4.779611111111114,4.9068333333333305
304,2020-02-17,4.34,4.43,4.33,4.42,1625096.0,4.675416666666669,4.776777777777781,4.904874999999998
305,2020-02-18,4.42,4.48,4.4,4.46,2167645.0,4.673500000000002,4.773944444444448,4.903374999999998
306,2020-02-19,4.47,4.47,4.42,4.44,1238751.0,4.671166666666669,4.771444444444447,4.9016666666666655
307,2020-02-20,4.45,4.53,4.43,4.5,2381346.0,4.668333333333336,4.7693333333333365,4.899624999999999
308,2020-02-21,4.54,4.56,4.45,4.48,2752856.0,4.665416666666669,4.766611111111114,4.897333333333332
309,2020-02-24,4.46,4.47,4.42,4.46,1638727.0,4.662583333333336,4.763888888888892,4.895208333333332
310,2020-02-25,4.39,4.42,4.34,4.4,3121113.0,4.658833333333336,4.760555555555559,4.891666666666666
311,2020-02-26,4.36,4.44,4.35,4.4,2368835.0,4.655250000000001,4.757222222222225,4.887541666666666
312,2020-02-27,4.39,4.44,4.39,4.42,1403174.0,4.652250000000001,4.753444444444447,4.883791666666666
313,2020-02-28,4.38,4.42,4.27,4.28,2276190.0,4.647583333333334,4.7488333333333355,4.879583333333333
314,2020-03-02,4.31,4.42,4.31,4.42,1959038.0,4.644333333333335,4.745333333333336,4.875875
315,2020-03-03,4.44,4.49,4.4,4.44,2280504.0,4.642000000000001,4.7421666666666695,4.872375000000001
316,2020-03-04,4.41,4.51,4.41,4.5,2923356.0,4.640666666666669,4.739888888888892,4.870541666666667
317,2020-03-05,4.52,4.57,4.51,4.53,4520656.0,4.639000000000001,4.737555555555558,4.868250000000001
318,2020-03-06,4.49,4.56,4.47,4.55,2669027.0,4.637083333333335,4.734611111111113,4.865208333333333
319,2020-03-09,4.54,4.54,4.41,4.41,2636700.0,4.633916666666668,4.730888888888891,4.8619166666666676
320,2020-03-10,4.4,4.44,4.31,4.44,2933269.0,4.630750000000002,4.727222222222224,4.859541666666668
321,2020-03-11,4.42,4.48,4.41,4.41,1597500.0,4.627250000000001,4.724111111111113,4.8563333333333345
322,2020-03-12,4.4,4.4,4.31,4.38,1762279.0,4.6232500000000005,4.720277777777779,4.852833333333335
323,2020-03-13,4.25,4.32,4.18,4.29,2993768.0,4.6185833333333335,4.716055555555557,4.8483333333333345
324,2020-03-16,4.31,4.37,4.26,4.31,2666600.0,4.614166666666666,4.711944444444446,4.842916666666668
325,2020-03-17,4.32,4.32,4.17,4.26,2942097.0,4.609166666666666,4.706833333333335,4.837541666666668
326,2020-03-18,4.28,4.29,4.18,4.18,2066341.0,4.603083333333332,4.701222222222223,4.832083333333335
327,2020-03-19,4.17,4.27,4.16,4.23,1759033.0,4.598166666666666,4.69588888888889,4.827208333333335
328,2020-03-20,4.23,4.35,4.17,4.34,2301782.0,4.594166666666665,4.691555555555556,4.823000000000002
329,2020-03-23,4.29,4.29,4.17,4.17,1975903.0,4.588333333333332,4.686000000000001,4.817875000000002
330,2020-03-24,4.22,4.24,4.18,4.22,1550487.0,4.582583333333332,4.68088888888889,4.813666666666668
331,2020-03-25,4.29,4.3,4.24,4.28,2220863.0,4.573499999999998,4.676111111111112,4.809208333333335
332,2020-03-26,4.24,4.28,4.21,4.26,2381685.0,4.566666666666665,4.670611111111112,4.803958333333336
333,2020-03-27,4.27,4.3,4.22,4.28,1723295.0,4.561666666666665,4.665166666666668,4.798750000000002
334,2020-03-30,4.21,4.23,4.18,4.19,1129790.0,4.556916666666665,4.659944444444445,4.793166666666669
335,2020-03-31,4.25,4.27,4.2,4.22,1223701.0,4.552166666666666,4.654666666666668,4.7879166666666695
336,2020-04-01,4.24,4.25,4.14,4.16,1290308.0,4.547583333333332,4.648833333333334,4.782333333333336
337,2020-04-02,4.16,4.21,4.13,4.21,1319488.0,4.543499999999998,4.644333333333335,4.777250000000003
338,2020-04-03,4.19,4.2,4.13,4.14,1285618.0,4.538666666666665,4.639444444444446,4.771333333333336
339,2020-04-07,4.17,4.2,4.16,4.19,2103483.0,4.534166666666665,4.6352222222222235,4.766000000000004
340,2020-04-08,4.19,4.29,4.18,4.25,3083083.0,4.529916666666665,4.631111111111112,4.759250000000004
341,2020-04-09,4.25,4.27,4.23,4.24,1149080.0,4.524999999999998,4.626833333333335,4.7531666666666705
342,2020-04-10,4.24,4.25,4.19,4.22,1580619.0,4.5201666666666656,4.62238888888889,4.746666666666671
343,2020-04-13,4.23,4.64,4.2,4.47,18693019.0,4.517666666666666,4.619333333333335,4.741375000000004
344,2020-04-14,4.38,4.39,4.27,4.35,10474552.0,4.514416666666666,4.6157777777777795,4.7358333333333364
345,2020-04-15,4.33,4.33,4.26,4.3,6004100.0,4.511083333333332,4.612055555555557,4.729875000000003
346,2020-04-16,4.26,4.39,4.26,4.3,5219259.0,4.507499999999998,4.608500000000001,4.724000000000003
347,2020-04-17,4.32,4.33,4.26,4.28,4072467.0,4.5037499999999975,4.605333333333334,4.718666666666669
348,2020-04-20,4.29,4.3,4.24,4.24,2687163.0,4.500249999999998,4.601833333333334,4.713083333333336
349,2020-04-21,4.23,4.24,4.15,4.17,3125878.0,4.496249999999998,4.597666666666668,4.708166666666671
350,2020-04-22,4.16,4.22,4.15,4.21,1867711.0,4.492249999999998,4.593722222222223,4.703541666666671
351,2020-04-23,4.23,4.24,4.17,4.18,1895067.0,4.487499999999997,4.589500000000001,4.698875000000005
352,2020-04-24,4.18,4.21,4.14,4.15,2014600.0,4.4829166666666636,4.585111111111112,4.693875000000006
353,2020-04-27,4.17,4.19,4.13,4.14,1392573.0,4.478499999999997,4.580333333333334,4.690583333333339
354,2020-04-28,4.17,4.17,3.98,4.03,1951315.0,4.47383333333333,4.575111111111111,4.686625000000006
355,2020-04-29,4.02,4.11,4.02,4.08,1040064.0,4.46908333333333,4.570055555555555,4.683000000000005
356,2020-04-30,4.06,4.11,4.06,4.11,1699220.0,4.46483333333333,4.565722222222222,4.680041666666671
357,2020-05-06,4.06,4.13,4.06,4.12,1390255.0,4.460499999999997,4.561888888888889,4.676500000000004
358,2020-05-07,4.13,4.14,4.09,4.11,997400.0,4.456333333333331,4.559222222222223,4.6726250000000045
359,2020-05-08,4.11,4.14,4.09,4.13,1372124.0,4.45233333333333,4.556277777777779,4.669208333333338
360,2020-05-11,4.13,4.14,4.09,4.1,1665779.0,4.447999999999997,4.553222222222223,4.665333333333337
361,2020-05-12,4.1,4.13,4.08,4.11,1166468.0,4.444166666666663,4.550611111111111,4.661000000000003
362,2020-05-13,4.11,4.13,4.08,4.11,945721.0,4.4404999999999974,4.547722222222223,4.65754166666667
363,2020-05-14,4.11,4.12,4.06,4.07,1205426.0,4.436583333333331,4.544666666666668,4.654458333333336
364,2020-05-15,4.08,4.09,4.06,4.08,772800.0,4.432666666666665,4.54138888888889,4.650916666666669
365,2020-05-18,4.09,4.11,4.07,4.1,1359957.0,4.429666666666665,4.538111111111112,4.647291666666669
366,2020-05-19,4.11,4.14,4.1,4.11,1559870.0,4.426333333333332,4.534722222222223,4.644041666666667
367,2020-05-20,4.1,4.12,4.09,4.11,1326578.0,4.422583333333333,4.530666666666668,4.640833333333333
368,2020-05-21,4.12,4.13,4.08,4.11,1500847.0,4.419499999999999,4.526666666666667,4.637249999999999
369,2020-05-22,4.13,4.13,4.06,4.08,1465199.0,4.415333333333333,4.522666666666668,4.6336249999999986
370,2020-05-25,4.1,4.12,4.06,4.11,1149574.0,4.410833333333333,4.518555555555557,4.629916666666665
371,2020-05-26,4.11,4.15,4.09,4.14,2465338.0,4.406249999999999,4.514722222222224,4.626333333333332
372,2020-05-27,4.13,4.14,4.09,4.12,1104360.0,4.402083333333333,4.511055555555557,4.622249999999998
373,2020-05-28,4.13,4.14,4.1,4.13,1086300.0,4.398083333333332,4.507111111111112,4.618166666666666
374,2020-05-29,4.13,4.22,4.12,4.16,2684134.0,4.394333333333332,4.503500000000002,4.614458333333333
375,2020-06-01,4.15,4.24,4.15,4.22,1871686.0,4.391416666666665,4.500722222222223,4.611166666666667
376,2020-06-02,4.23,4.25,4.21,4.23,1677271.0,4.3888333333333325,4.498333333333335,4.608333333333333
377,2020-06-03,4.21,4.27,4.21,4.23,1477900.0,4.386166666666666,4.495555555555557,4.605333333333333
378,2020-06-04,4.21,4.24,4.18,4.21,1839400.0,4.383583333333333,4.4923888888888905,4.601708333333334
379,2020-06-05,4.25,4.25,4.18,4.2,1183002.0,4.380666666666667,4.4891111111111135,4.598041666666668
380,2020-06-08,4.23,4.23,4.19,4.21,917062.0,4.377750000000002,4.485722222222225,4.594333333333335
381,2020-06-09,4.22,4.3,4.2,4.24,1533000.0,4.374166666666668,4.482444444444447,4.591291666666668
382,2020-06-10,4.23,4.27,4.22,4.25,648500.0,4.371000000000001,4.479055555555558,4.587875000000001
383,2020-06-11,4.24,4.25,4.17,4.18,1524908.0,4.367250000000001,4.475333333333335,4.584250000000002
384,2020-06-12,4.16,4.18,4.09,4.16,1594000.0,4.363416666666668,4.471555555555557,4.58054166666667
385,2020-06-15,4.16,4.21,4.15,4.18,1055100.0,4.359583333333334,4.467777777777779,4.576375000000002
386,2020-06-16,4.19,4.23,4.19,4.23,1084700.0,4.355833333333335,4.464000000000001,4.572375000000003
387,2020-06-17,4.24,4.24,4.2,4.23,1047433.0,4.351666666666668,4.460722222222223,4.568375000000002
388,2020-06-18,4.24,4.33,4.21,4.26,2234433.0,4.348083333333334,4.457611111111111,4.564791666666669
389,2020-06-19,4.25,4.27,4.21,4.23,1800410.0,4.343750000000001,4.4540555555555565,4.560875000000002
390,2020-06-22,4.21,4.24,4.2,4.21,1534038.0,4.339666666666668,4.450166666666668,4.557000000000002
391,2020-06-23,4.2,4.21,4.18,4.19,815300.0,4.336000000000001,4.443611111111112,4.553041666666669
392,2020-06-24,4.2,4.21,4.16,4.19,1019227.0,4.3321666666666685,4.438666666666668,4.548625000000002
393,2020-06-29,4.18,4.2,4.15,4.16,995964.0,4.327916666666669,4.434666666666668,4.544041666666669
394,2020-06-30,4.16,4.19,4.15,4.18,1215518.0,4.323500000000001,4.431444444444446,4.540083333333336
395,2020-07-01,4.18,4.2,4.17,4.19,1157808.0,4.319000000000002,4.428111111111113,4.536000000000002
396,2020-07-02,4.2,4.25,4.18,4.24,2798376.0,4.314833333333335,4.425500000000001,4.5319583333333355
397,2020-07-03,4.27,4.31,4.25,4.29,3152818.0,4.310916666666668,4.423222222222223,4.528916666666669
398,2020-07-06,4.31,4.47,4.3,4.47,7459808.0,4.308250000000002,4.421833333333335,4.526625000000002
399,2020-07-07,4.53,4.57,4.42,4.44,6798064.0,4.305333333333336,4.420222222222224,4.524500000000002
400,2020-07-08,4.41,4.52,4.4,4.5,4246632.0,4.30291666666667,4.418777777777779,4.5224583333333355
401,2020-07-09,4.49,4.58,4.48,4.57,4775608.0,4.30066666666667,4.4173333333333344,4.520625000000002
402,2020-07-10,4.57,4.62,4.51,4.52,4812857.0,4.29866666666667,4.415777777777779,4.5185416666666685
403,2020-07-13,4.54,4.62,4.53,4.61,5355097.0,4.297083333333337,4.414888888888891,4.516833333333335
404,2020-07-14,4.62,4.69,4.56,4.6,4819205.0,4.295500000000004,4.414111111111112,4.515208333333335
405,2020-07-15,4.64,4.66,4.5,4.5,4661940.0,4.293000000000005,4.413000000000001,4.513250000000001
406,2020-07-16,4.53,4.57,4.41,4.42,4240922.0,4.289833333333338,4.411277777777779,4.5110833333333344
407,2020-07-17,4.41,4.47,4.39,4.44,2412708.0,4.2874166666666715,4.409666666666668,4.509375000000002
408,2020-07-20,4.53,4.6,4.46,4.59,4026908.0,4.286750000000006,4.409277777777779,4.508208333333335
409,2020-07-21,4.62,4.62,4.54,4.55,1965383.0,4.2859166666666715,4.408722222222224,4.506666666666669
410,2020-07-22,4.53,4.6,4.52,4.54,2559718.0,4.284583333333338,4.40788888888889,4.505083333333334
411,2020-07-23,4.53,4.53,4.43,4.5,2917700.0,4.283000000000004,4.406500000000001,4.50325
412,2020-07-24,4.47,4.59,4.46,4.57,7567879.0,4.282250000000005,4.405777777777779,4.501708333333334
413,2020-07-27,4.61,4.72,4.57,4.61,7967982.0,4.282833333333339,4.405444444444446,4.500083333333333
414,2020-07-28,4.63,4.76,4.59,4.65,8215843.0,4.287500000000005,4.405777777777779,4.49875
415,2020-07-29,4.65,4.67,4.59,4.61,6318705.0,4.291750000000005,4.405555555555557,4.497166666666667
416,2020-07-30,4.63,4.67,4.54,4.65,6107431.0,4.295833333333338,4.405722222222224,4.496166666666666
417,2020-07-31,4.63,4.67,4.56,4.61,4758070.0,4.299333333333338,4.405555555555557,4.495333333333333
418,2020-08-03,4.58,4.68,4.58,4.68,6467513.0,4.303333333333337,4.4059444444444456,4.495708333333334
419,2020-08-04,4.68,4.71,4.63,4.67,4112201.0,4.30666666666667,4.406277777777778,4.49575
420,2020-08-05,4.64,4.7,4.6,4.66,2878612.0,4.309333333333337,4.4065,4.495791666666666
421,2020-08-06,4.64,4.66,4.59,4.61,2670930.0,4.31016666666667,4.406722222222222,4.495916666666667
422,2020-08-07,4.61,4.66,4.56,4.61,3175327.0,4.31191666666667,4.407055555555556,4.495833333333333
423,2020-08-10,4.58,4.67,4.58,4.67,3696852.0,4.314583333333336,4.4077777777777785,4.496041666666667
424,2020-08-11,4.71,4.76,4.6,4.6,4980275.0,4.316083333333337,4.408055555555556,4.495749999999999
425,2020-08-12,4.61,4.66,4.53,4.66,3561227.0,4.317750000000003,4.409166666666668,4.4956249999999995
426,2020-08-13,4.63,4.76,4.63,4.7,4290916.0,4.3199166666666695,4.410222222222223,4.495541666666666
427,2020-08-14,4.75,4.75,4.63,4.7,2498753.0,4.321583333333336,4.411000000000001,4.494958333333333
428,2020-08-17,4.7,4.76,4.67,4.76,3633241.0,4.32391666666667,4.4125555555555565,4.494666666666666
429,2020-08-18,4.74,4.79,4.72,4.77,3123906.0,4.326500000000002,4.413611111111112,4.494541666666667
430,2020-08-19,4.75,4.98,4.71,4.83,11443321.0,4.330083333333336,4.414611111111112,4.494458333333333
431,2020-08-20,4.82,4.85,4.72,4.76,6253898.0,4.333083333333336,4.415000000000001,4.4941666666666675
432,2020-08-21,4.79,4.81,4.71,4.71,3306021.0,4.335500000000004,4.415500000000001,4.493875000000001
433,2020-08-24,4.71,4.74,4.66,4.69,2828137.0,4.338916666666671,4.415944444444445,4.4932500000000015
434,2020-08-25,4.69,4.72,4.64,4.66,2379910.0,4.340916666666671,4.416222222222223,4.492625000000002
435,2020-08-26,4.67,4.69,4.59,4.62,2318534.0,4.34241666666667,4.416500000000001,4.492208333333335
436,2020-08-27,4.6,4.71,4.6,4.64,1867215.0,4.343583333333338,4.417055555555557,4.4921250000000015
437,2020-08-28,4.63,4.67,4.6,4.66,2334700.0,4.3446666666666705,4.417666666666667,4.491833333333335
438,2020-08-31,4.64,4.7,4.64,4.66,2102128.0,4.345583333333337,4.418444444444446,4.491333333333335
439,2020-09-01,4.66,4.71,4.64,4.7,2507301.0,4.348000000000004,4.419277777777779,4.490958333333336
440,2020-09-02,4.7,4.72,4.66,4.7,2085493.0,4.350166666666671,4.420055555555558,4.490458333333336
441,2020-09-03,4.72,4.84,4.66,4.67,3618432.0,4.352333333333338,4.420055555555558,4.489791666666671
442,2020-09-04,4.58,4.65,4.5,4.64,2358818.0,4.354500000000004,4.420111111111113,4.488875000000005
443,2020-09-07,4.65,4.72,4.58,4.59,2889100.0,4.357000000000005,4.419888888888891,4.487791666666671
444,2020-09-08,4.62,4.68,4.56,4.68,2487985.0,4.360083333333338,4.420222222222224,4.487125000000005
445,2020-09-09,4.64,4.75,4.61,4.66,4256367.0,4.363416666666671,4.4203333333333354,4.486291666666673
446,2020-09-10,4.66,4.7,4.5,4.51,2783657.0,4.366166666666672,4.419388888888891,4.484625000000006
447,2020-09-11,4.49,4.56,4.47,4.55,1861906.0,4.368833333333338,4.418388888888891,4.483500000000006
448,2020-09-14,4.56,4.61,4.55,4.59,1822419.0,4.3709166666666714,4.417833333333335,4.482541666666672
449,2020-09-15,4.6,4.66,4.52,4.63,1777833.0,4.374750000000005,4.4171666666666685,4.481541666666673
450,2020-09-16,4.62,4.65,4.55,4.59,1172017.0,4.377833333333339,4.416555555555557,4.480208333333339
451,2020-09-17,4.57,4.58,4.51,4.55,1256315.0,4.380083333333338,4.416111111111112,4.4767916666666725
452,2020-09-18,4.54,4.63,4.53,4.61,1869196.0,4.383000000000005,4.41588888888889,4.474833333333339
453,2020-09-21,4.63,4.63,4.55,4.57,1332164.0,4.385416666666672,4.4153333333333356,4.473541666666672
454,2020-09-22,4.54,4.56,4.47,4.53,1479989.0,4.388250000000005,4.414333333333335,4.472583333333338
455,2020-09-23,4.52,4.56,4.48,4.5,1282798.0,4.390583333333338,4.413055555555557,4.471375000000005
456,2020-09-24,4.48,4.48,4.37,4.4,2220100.0,4.392583333333338,4.411166666666668,4.4700833333333385
457,2020-09-25,4.4,4.43,4.35,4.36,997858.0,4.393833333333338,4.408944444444446,4.468666666666672
458,2020-09-28,4.43,4.43,4.27,4.32,1141700.0,4.395333333333339,4.406333333333335,4.467000000000004
459,2020-09-29,4.35,4.36,4.28,4.34,993798.0,4.396583333333338,4.403833333333336,4.465375000000004
460,2020-09-30,4.34,4.35,4.29,4.31,651500.0,4.397083333333338,4.4011666666666684,4.463500000000004
461,2020-10-09,4.32,4.39,4.32,4.39,1278723.0,4.398333333333338,4.398666666666669,4.461666666666671
462,2020-10-12,4.41,4.47,4.39,4.47,1682303.0,4.400416666666671,4.397055555555558,4.460291666666672
463,2020-10-13,4.4,4.46,4.38,4.45,1387012.0,4.400250000000004,4.395111111111114,4.458958333333339
464,2020-10-14,4.45,4.47,4.41,4.42,1976346.0,4.400833333333337,4.393055555555558,4.4576250000000055
465,2020-10-15,4.41,4.46,4.39,4.45,1335000.0,4.402083333333338,4.3911111111111145,4.456583333333339
466,2020-10-16,4.46,4.55,4.43,4.53,2948336.0,4.404000000000005,4.3896111111111145,4.455750000000005
467,2020-10-19,4.54,4.62,4.48,4.48,3269012.0,4.405666666666672,4.388222222222225,4.454708333333339
468,2020-10-20,4.52,4.59,4.48,4.59,1599917.0,4.408583333333339,4.3877777777777816,4.454416666666671
469,2020-10-21,4.59,4.59,4.47,4.5,1605098.0,4.4113333333333395,4.386944444444448,4.453791666666671
470,2020-10-22,4.47,4.5,4.44,4.49,788801.0,4.413666666666672,4.385777777777781,4.452958333333338
471,2020-10-23,4.49,4.55,4.45,4.48,1501781.0,4.416166666666673,4.384611111111115,4.4518333333333375
472,2020-10-26,4.44,4.51,4.41,4.5,1494580.0,4.419083333333339,4.383722222222226,4.451000000000004
473,2020-10-27,4.45,4.63,4.45,4.53,1730631.0,4.42233333333334,4.38366666666667,4.45041666666667
474,2020-10-28,4.54,4.89,4.51,4.84,13961078.0,4.42908333333334,4.387833333333337,4.451458333333337
475,2020-10-29,4.85,4.87,4.73,4.73,7795659.0,4.434500000000006,4.391333333333336,4.4517916666666695
476,2020-10-30,4.75,5.03,4.72,4.95,19244058.0,4.441500000000007,4.3957222222222265,4.453166666666671
477,2020-11-02,4.99,4.99,4.87,4.91,9825099.0,4.44808333333334,4.399722222222225,4.454291666666671
478,2020-11-03,4.93,4.98,4.86,4.95,8205476.0,4.45508333333334,4.4038888888888925,4.455708333333337
479,2020-11-04,4.95,5.08,4.93,4.98,7365613.0,4.462166666666674,4.407833333333337,4.457250000000005
480,2020-11-05,4.99,5.04,4.92,5.0,7283690.0,4.469666666666673,4.411500000000004,4.458833333333339
481,2020-11-06,5.01,5.01,4.95,4.98,3810740.0,4.476916666666673,4.414111111111115,4.460541666666672
482,2020-11-09,5.0,5.03,4.94,4.95,6893730.0,4.483916666666674,4.41716666666667,4.462208333333339
483,2020-11-10,4.97,5.05,4.91,4.97,8370600.0,4.491416666666674,4.420611111111115,4.464000000000007
484,2020-11-11,4.96,4.96,4.9,4.94,3073000.0,4.4985833333333405,4.423500000000004,4.465625000000006
485,2020-11-12,4.94,5.0,4.91,4.96,5412713.0,4.505750000000007,4.426277777777782,4.46770833333334
486,2020-11-13,4.97,4.97,4.9,4.93,4355585.0,4.51258333333334,4.429000000000004,4.46945833333334
487,2020-11-16,4.92,4.94,4.86,4.88,5294144.0,4.519000000000006,4.431111111111115,4.470791666666674
488,2020-11-17,4.9,4.9,4.78,4.84,4024258.0,4.52508333333334,4.433111111111115,4.472291666666674
489,2020-11-18,4.83,4.85,4.75,4.85,6197773.0,4.5315000000000065,4.435277777777782,4.473416666666674
490,2020-11-19,4.82,5.08,4.82,4.94,11724461.0,4.538416666666674,4.438277777777782,4.474625000000007
491,2020-11-20,4.96,5.15,4.94,5.08,13908385.0,4.546250000000007,4.4420555555555605,4.4762500000000065
492,2020-11-23,5.07,5.13,5.04,5.09,8431365.0,4.554333333333341,4.445777777777783,4.47820833333334
493,2020-11-24,5.09,5.1,5.02,5.08,6213082.0,4.562250000000008,4.450222222222227,4.4801666666666735
494,2020-11-25,4.97,5.0,4.66,4.93,20634197.0,4.568666666666674,4.453055555555561,4.481500000000008
495,2020-11-26,4.85,4.85,4.74,4.74,8952940.0,4.5730000000000075,4.454722222222228,4.482208333333341
496,2020-11-27,4.73,4.76,4.6,4.66,8733841.0,4.576583333333341,4.455611111111116,4.482708333333341
497,2020-11-30,4.66,4.71,4.65,4.68,4159643.0,4.58033333333334,4.4564444444444495,4.483250000000009
498,2020-12-01,4.7,4.73,4.64,4.72,4774752.0,4.58458333333334,4.457388888888894,4.484083333333342
499,2020-12-02,4.72,4.75,4.7,4.74,3628246.0,4.589083333333339,4.459222222222228,4.484875000000009
500,2020-12-03,4.74,4.78,4.71,4.75,3918035.0,4.593583333333339,4.46094444444445,4.485666666666676
501,2020-12-04,4.74,4.75,4.69,4.73,1929016.0,4.597666666666672,4.462722222222228,4.485916666666676
502,2020-12-07,4.71,4.74,4.64,4.64,3498057.0,4.600916666666673,4.464166666666672,4.485958333333342
503,2020-12-08,4.62,4.68,4.55,4.55,4752671.0,4.604000000000005,4.465611111111117,4.485625000000009
504,2020-12-09,4.55,4.63,4.45,4.52,3653747.0,4.6070000000000055,4.466777777777783,4.485208333333342
505,2020-12-10,4.53,4.55,4.46,4.53,3536429.0,4.609916666666673,4.468277777777783,4.484750000000008
506,2020-12-11,4.5,4.51,4.41,4.49,2907100.0,4.61208333333334,4.470000000000006,4.483958333333342
507,2020-12-14,4.47,4.56,4.47,4.54,6179700.0,4.614666666666673,4.471722222222228,4.4831666666666745
508,2020-12-15,4.5,4.96,4.45,4.96,6530296.0,4.620500000000006,4.475166666666672,4.484291666666675
509,2020-12-16,4.7,4.79,4.58,4.59,8616740.0,4.623500000000006,4.477500000000006,4.483625000000007
510,2020-12-17,4.56,4.56,4.38,4.41,15429793.0,4.625166666666672,4.478555555555561,4.4824166666666745
511,2020-12-18,4.46,4.85,4.44,4.85,11672037.0,4.630666666666672,4.481722222222228,4.48333333333334
512,2020-12-21,5.0,5.34,4.92,5.34,51759212.0,4.640250000000005,4.487722222222228,4.486208333333339
513,2020-12-22,5.36,5.79,5.2,5.45,58525988.0,4.651000000000006,4.494222222222229,4.4894583333333395
514,2020-12-23,5.2,6.0,5.18,6.0,54356330.0,4.666166666666673,4.504277777777784,4.494833333333339
515,2020-12-24,6.25,6.6,6.24,6.6,26432305.0,4.686250000000006,4.517500000000006,4.502625000000005
516,2020-12-25,7.26,7.26,6.88,7.26,66520733.0,4.711416666666673,4.5347222222222285,4.513125000000005
517,2020-12-28,7.51,7.99,7.4,7.99,92683713.0,4.7422500000000065,4.5557222222222284,4.526583333333338
518,2020-12-29,7.29,7.49,7.19,7.19,37314151.0,4.764916666666673,4.572666666666673,4.536583333333339
519,2020-12-30,6.6,7.16,6.47,6.85,74647643.0,4.785000000000006,4.587444444444451,4.545166666666672
520,2020-12-31,6.59,7.5,6.5,7.1,79730215.0,4.806666666666673,4.603277777777785,4.554791666666672
521,2021-01-04,7.0,7.81,6.92,7.81,89883267.0,4.833666666666672,4.623111111111117,4.5671666666666715
522,2021-01-05,7.55,7.55,7.03,7.03,65790064.0,4.854583333333339,4.638722222222228,4.576625000000005
523,2021-01-06,6.6,7.35,6.33,7.05,69353324.0,4.874916666666672,4.653055555555561,4.586000000000005
524,2021-01-07,6.8,6.89,6.53,6.53,42644875.0,4.8910000000000045,4.665166666666672,4.593250000000006
525,2021-01-08,6.37,6.77,6.25,6.48,35830875.0,4.907500000000004,4.677277777777784,4.600250000000005
526,2021-01-11,6.59,6.85,6.25,6.62,44874067.0,4.925833333333339,4.690166666666673,4.607833333333338
527,2021-01-12,6.78,6.84,6.4,6.48,41591633.0,4.942833333333338,4.702388888888895,4.615125000000005
528,2021-01-13,6.25,6.38,5.83,5.99,46297813.0,4.954500000000005,4.712111111111117,4.620625000000005
529,2021-01-14,5.8,5.84,5.42,5.47,38754643.0,4.962166666666672,4.719333333333339,4.624041666666671
530,2021-01-15,5.43,5.56,5.38,5.5,25406892.0,4.970166666666672,4.726500000000006,4.627375000000004
531,2021-01-18,5.45,5.7,5.42,5.65,29877254.0,4.9797500000000054,4.734666666666673,4.631375000000005
532,2021-01-19,5.65,5.85,5.51,5.55,30009434.0,4.987916666666671,4.742444444444451,4.635083333333338
533,2021-01-20,5.52,5.57,5.35,5.57,23673185.0,4.9959166666666714,4.750388888888896,4.639375000000004
534,2021-01-21,5.66,5.67,5.45,5.53,22874240.0,5.003250000000005,4.758722222222229,4.645375000000004
535,2021-01-22,5.48,5.49,5.28,5.29,22418179.0,5.0089166666666705,4.765444444444451,4.650333333333338
536,2021-01-25,5.27,5.42,5.2,5.38,20355219.0,5.015000000000004,4.772500000000006,4.655416666666671
537,2021-01-26,5.35,5.38,5.15,5.22,16835300.0,5.0200833333333374,4.778611111111117,4.659708333333338
538,2021-01-27,5.21,5.31,5.16,5.2,13814695.0,5.024416666666672,4.784666666666673,4.663875000000004
539,2021-01-28,5.15,5.28,5.1,5.21,15161007.0,5.028916666666673,4.790666666666673,4.6677916666666714
540,2021-01-29,5.19,5.31,4.96,5.03,20344213.0,5.032000000000006,4.79583333333334,4.670666666666672
541,2021-02-01,4.94,5.04,4.88,4.98,14611411.0,5.035083333333339,4.800666666666673,4.672625000000005
542,2021-02-02,4.92,5.14,4.9,5.12,17549400.0,5.03933333333334,4.806277777777784,4.675625000000005
543,2021-02-03,5.07,5.07,4.85,4.89,14973529.0,5.041166666666673,4.810833333333339,4.677875000000005
544,2021-02-04,4.83,4.89,4.65,4.77,16456246.0,5.042583333333339,4.814666666666672,4.679333333333338
545,2021-02-05,4.78,4.86,4.57,4.58,11556180.0,5.0419166666666735,4.817333333333339,4.679833333333337
546,2021-02-08,4.6,4.64,4.49,4.52,9647500.0,5.0404166666666725,4.819611111111117,4.68016666666667
547,2021-02-09,4.52,4.73,4.5,4.65,12342200.0,5.040000000000005,4.822611111111116,4.6807916666666705
548,2021-02-10,4.64,4.68,4.53,4.56,10842600.0,5.038333333333338,4.8251111111111165,4.681125000000004
549,2021-02-18,4.64,4.85,4.62,4.79,15583393.0,5.038500000000004,4.82905555555556,4.682500000000004
550,2021-02-19,4.78,4.97,4.76,4.95,14369101.0,5.039500000000005,4.833722222222227,4.68479166666667
551,2021-02-22,4.98,5.16,4.93,5.0,19130900.0,5.0415000000000045,4.838500000000005,4.6872916666666695
552,2021-02-23,5.05,5.18,4.89,4.98,16652900.0,5.043750000000005,4.843277777777782,4.689625000000003
553,2021-02-24,4.96,4.98,4.84,4.92,11820300.0,5.045666666666671,4.8476666666666715,4.69229166666667
554,2021-02-25,4.92,4.94,4.84,4.85,7188388.0,5.0472500000000045,4.851500000000005,4.694083333333336
555,2021-02-26,4.79,4.89,4.75,4.87,8583302.0,5.049333333333338,4.855111111111116,4.695875000000002
556,2021-03-01,4.89,4.99,4.86,4.96,11838243.0,5.052000000000005,4.859166666666671,4.697791666666669
557,2021-03-02,4.97,5.46,4.97,5.46,34894905.0,5.058666666666672,4.866000000000005,4.701666666666669
558,2021-03-03,5.64,6.01,5.51,6.01,68029561.0,5.069916666666672,4.876000000000005,4.7077500000000025
559,2021-03-04,6.1,6.6,5.8,6.4,71941612.0,5.084083333333338,4.888222222222226,4.716041666666669
560,2021-03-05,6.1,6.27,5.76,5.77,53190532.0,5.093000000000004,4.896888888888893,4.721583333333336
561,2021-03-08,5.77,6.05,5.77,5.87,41301478.0,5.103000000000005,4.905944444444448,4.727666666666668
562,2021-03-09,5.86,5.86,5.44,5.63,35055595.0,5.1112500000000045,4.913611111111115,4.732875000000002
563,2021-03-10,5.66,5.91,5.51,5.59,25708944.0,5.119583333333338,4.9214444444444485,4.738291666666668
564,2021-03-11,5.58,5.95,5.45,5.84,32588513.0,5.129250000000005,4.930777777777783,4.744666666666668
565,2021-03-12,5.81,6.35,5.68,6.04,48594836.0,5.140750000000006,4.941111111111116,4.752083333333334
566,2021-03-15,5.99,6.07,5.79,5.84,27821158.0,5.1518333333333395,4.9500555555555605,4.759
567,2021-03-16,5.8,6.02,5.77,5.96,26605014.0,5.16358333333334,4.9596666666666716,4.766208333333334
568,2021-03-17,5.9,5.9,5.62,5.8,24819950.0,5.173666666666673,4.968222222222227,4.772291666666667
569,2021-03-18,5.75,5.98,5.7,5.81,22577201.0,5.183500000000006,4.977000000000005,4.779125
570,2021-03-19,5.75,6.24,5.62,6.1,44576399.0,5.1960833333333385,4.987500000000004,4.786958333333333
571,2021-03-22,6.15,6.43,6.14,6.33,46580160.0,5.210916666666673,4.999388888888893,4.7955
572,2021-03-23,6.33,6.33,5.95,6.04,30538714.0,5.222833333333339,5.0096666666666705,4.802916666666666
573,2021-03-24,5.94,6.18,5.83,6.01,27214380.0,5.234833333333339,5.019944444444448,4.810124999999999
574,2021-03-25,5.92,5.95,5.41,5.45,31121052.0,5.242500000000006,5.027000000000005,4.8153749999999995
575,2021-03-26,5.45,6.0,5.45,6.0,33999672.0,5.255000000000006,5.037055555555559,4.8227916666666655
576,2021-03-29,6.18,6.35,6.05,6.2,44731844.0,5.270000000000007,5.047944444444449,4.831291666666666
577,2021-03-30,6.21,6.45,5.96,6.38,44308764.0,5.286833333333339,5.05955555555556,4.840333333333333
578,2021-03-31,6.3,6.95,6.1,6.66,62666680.0,5.306333333333339,5.071722222222227,4.850833333333332
579,2021-04-01,6.59,7.18,6.35,6.79,62084657.0,5.326750000000005,5.084777777777782,4.8616666666666655
580,2021-04-02,6.55,6.77,6.4,6.51,42649569.0,5.3450833333333385,5.095944444444448,4.871083333333332
581,2021-04-06,6.4,6.57,6.36,6.43,30865377.0,5.362083333333339,5.106277777777781,4.880208333333332
582,2021-04-07,6.4,6.82,6.27,6.57,45361935.0,5.379583333333339,5.11766666666667,4.889999999999999
583,2021-04-08,6.5,6.63,6.11,6.33,38773661.0,5.395250000000005,5.127222222222226,4.8977499999999985
584,2021-04-09,6.24,6.45,6.16,6.19,25358609.0,5.410000000000006,5.13605555555556,4.905416666666666
585,2021-04-12,6.16,6.4,6.09,6.24,24094314.0,5.424916666666673,5.1457222222222265,4.913499999999999
586,2021-04-13,5.9,6.86,5.69,6.86,51442738.0,5.444333333333339,5.159277777777782,4.9241666666666655
587,2021-04-14,6.78,7.2,6.55,6.65,70279446.0,5.462416666666672,5.1715555555555595,4.934041666666666
588,2021-04-15,6.46,6.6,6.01,6.15,50867466.0,5.475416666666672,5.180222222222226,4.941999999999999
589,2021-04-16,6.1,6.2,5.99,6.09,29730603.0,5.488666666666672,5.188777777777782,4.949999999999999
590,2021-04-19,6.08,6.12,5.99,6.07,22107615.0,5.501833333333339,5.197277777777782,4.957749999999999
591,2021-04-20,6.0,6.14,5.86,5.96,22647466.0,5.514166666666672,5.205388888888893,4.965166666666665
592,2021-04-21,5.91,5.93,5.7,5.71,22090798.0,5.5242500000000065,5.211722222222226,4.971666666666665
593,2021-04-22,5.72,5.84,5.72,5.75,13470826.0,5.534416666666673,5.21805555555556,4.978374999999998
594,2021-04-23,5.83,5.84,5.53,5.58,16112177.0,5.54058333333334,5.223222222222227,4.984833333333331
595,2021-04-26,5.57,5.57,5.36,5.36,13156586.0,5.54583333333334,5.2273888888888935,4.990166666666664
596,2021-04-27,5.36,5.39,5.15,5.24,12095413.0,5.548250000000007,5.2306666666666715,4.994874999999998
597,2021-04-28,5.25,5.33,5.16,5.2,9333044.0,5.5506666666666735,5.233944444444449,4.999374999999999
598,2021-04-29,5.21,5.25,5.14,5.23,6869118.0,5.553000000000007,5.237000000000005,5.004041666666666
599,2021-04-30,5.23,5.24,5.05,5.07,7862228.0,5.553750000000007,5.239222222222228,5.007958333333332
